TimeStep Temps_Avancement Temps_Affichage Temps_Simulation
0 0.000173387 0.0299717 0.0305646
1 6.0233e-05 0.00711657 0.13811
2 9.1162e-05 0.0069433 0.245496
3 0.000136337 0.0068852 0.352918
4 0.00010094 0.00604549 0.459462
5 0.000112401 0.00612566 0.566084
6 0.000119856 0.0075804 0.674181
7 0.000110317 0.00611846 0.7809
8 0.000118954 0.00626037 0.887665
9 0.000139683 0.00617167 0.994347
10 0.000134102 0.00607384 1.10095
11 0.00014896 0.00611511 1.20759
12 0.000153729 0.00612464 1.31423
13 0.000140976 0.00652983 1.42124
14 0.000142147 0.00650576 1.52828
15 0.000143009 0.00653268 1.63535
16 0.000155833 0.00646155 1.74234
17 0.000124193 0.00658542 1.84943
18 0.000127179 0.00640589 1.95633
19 0.000125707 0.0066155 2.06346
20 0.000145664 0.00704851 2.17101
21 0.000128702 0.0068721 2.27837
22 0.000124224 0.00676004 2.38563
23 0.000120667 0.00715158 2.4932
24 0.000129634 0.00659254 2.60027
25 0.000128803 0.00678584 2.70757
26 0.000141436 0.00659612 2.8147
27 0.000128332 0.00677425 2.92197
28 0.000131657 0.00670466 3.02916
29 0.000133972 0.00684029 3.1365
30 0.000152497 0.00692991 3.24394
31 0.000141816 0.00668268 3.35113
32 0.000136357 0.00687725 3.4585
33 0.000147547 0.00673765 3.56574
34 0.000141186 0.00697496 3.67323
35 0.00013784 0.00627313 3.78003
36 0.00013842 0.00678877 3.88732
37 0.000142458 0.00683803 3.99468
38 0.000144091 0.00682931 4.10202
39 0.000147838 0.00643768 4.20895
40 0.000147688 0.00702351 4.31648
41 0.000186831 0.00644583 4.42344
42 0.000146636 0.00704445 4.53101
43 0.000163839 0.00661938 4.63815
44 0.000147717 0.00646945 4.74516
45 0.000158738 0.00660027 4.85228
46 0.000153899 0.00635314 4.95918
47 0.000156705 0.00628752 5.06599
48 0.000150573 0.00683982 5.17335
49 0.000157136 0.00693662 5.28081
50 0.000155312 0.0065757 5.38789
51 0.000158708 0.00621548 5.49463
52 0.000160963 0.00686306 5.60199
53 0.000165291 0.00648421 5.709
54 0.000164008 0.00629034 5.81582
55 0.000162145 0.00668309 5.92303
56 0.000161755 0.00677977 6.03033
57 0.000167565 0.00684536 6.13771
58 0.000165722 0.00675123 6.24497
59 0.00017007 0.00677934 6.35228
60 0.000197221 0.00646434 6.45931
61 0.000198303 0.00613155 6.56601
62 0.000216337 0.00622399 6.67283
63 0.000204965 0.00621894 6.77967
64 0.000167815 0.00637978 6.88659
65 0.000171372 0.0067377 6.99386
66 0.000174478 0.00657027 7.10095
67 0.000174749 0.00681986 7.20829
68 0.000174809 0.00635703 7.31519
69 0.000176222 0.00675196 7.4225
70 0.000188134 0.00679156 7.52985
71 0.000173306 0.00684562 7.63721
72 0.000168897 0.00678494 7.74455
73 0.000221857 0.0068195 7.85195
74 0.000163397 0.00675997 7.95924
75 0.000173466 0.0065436 8.06632
76 0.000165451 0.00659561 8.17345
77 0.000184457 0.00670915 8.28071
78 0.000162806 0.00628515 8.38751
79 0.000170541 0.00675954 8.4948
80 0.000170591 0.00679068 8.60213
81 0.000165892 0.00642771 8.70907
82 0.000188355 0.00616755 8.81583
83 0.000162857 0.00649944 8.92286
84 0.000160773 0.00618331 9.02957
85 0.000171332 0.0067544 9.13685
86 0.000166072 0.00625928 9.24364
87 0.000163918 0.00678657 9.35093
88 0.000169088 0.00635917 9.45781
89 0.000160352 0.00652292 9.56485
90 0.000155312 0.00672959 9.6721
91 0.000199325 0.0062441 9.7789
92 0.00019143 0.00613717 9.8856
93 0.000194606 0.00608943 9.9923
94 0.000191049 0.00613927 10.0991
95 0.00017513 0.00653677 10.2061
96 0.000198874 0.00609604 10.3128
97 0.000189276 0.00617052 10.4196
98 0.000208512 0.0061986 10.5264
99 0.000205517 0.00619039 10.6332
100 0.000214303 0.00626718 10.7401
101 0.0002078 0.00621343 10.8469
102 0.000189397 0.00612198 10.9536
103 0.000190589 0.00614354 11.0603
104 0.000190308 0.00626323 11.1672
105 0.000188955 0.00610388 11.2739
106 0.0001862 0.00603829 11.3805
107 0.000201769 0.00616481 11.4872
108 0.000190889 0.00607572 11.5939
109 0.000198623 0.006138 11.7006
110 0.000197782 0.0063199 11.8075
111 0.000199556 0.00627845 11.9143
112 0.000198734 0.00611646 12.021
113 0.000190519 0.00613512 12.1277
114 0.000188635 0.00617181 12.2344
115 0.000222718 0.00611889 12.3411
116 0.000208773 0.00628772 12.4479
117 0.000200266 0.00611468 12.5546
118 0.000167004 0.0063512 12.6615
119 0.000214113 0.00650946 12.7686
120 0.000208302 0.00611616 12.8753
121 0.00019101 0.00621554 12.9821
122 0.000216918 0.00624147 13.089
123 0.000194826 0.00607682 13.1956
124 0.000188866 0.00617801 13.3024
125 0.000194065 0.00605951 13.409
126 0.000189737 0.0060046 13.5156
127 0.000174268 0.00728303 13.6234
128 0.000158267 0.00685808 13.7308
129 0.000200247 0.00653341 13.8379
130 0.000203824 0.00651204 13.9449
131 0.000202892 0.00647675 14.052
132 0.000190739 0.00666879 14.1592
133 0.000190238 0.00970797 14.2695
134 0.000174909 0.00722484 14.3772
135 0.000199015 0.00702921 14.4848
136 0.000145022 0.00693757 14.5922
137 0.000197933 0.00609753 14.6989
138 0.000187463 0.00600997 14.8054
139 0.000147858 0.00660272 14.9125
140 0.00016973 0.00672294 15.0198
141 0.000158819 0.0067501 15.127
142 0.000158137 0.0066955 15.2342
143 0.000161083 0.00716452 15.3419
144 0.000157847 0.00656217 15.449
145 0.000163167 0.0068432 15.5563
146 0.000164439 0.00650082 15.6634
147 0.000163387 0.00608932 15.77
148 0.000167114 0.00622709 15.8768
149 0.000189056 0.00605554 15.9833
150 0.000183075 0.00653307 16.0904
151 0.00016485 0.0072017 16.1981
152 0.0002018 0.00621392 16.3049
153 0.000160742 0.00669321 16.4121
154 0.000163578 0.0064061 16.519
155 0.000206869 0.0061163 16.6257
156 0.000188093 0.00606149 16.7323
157 0.000201148 0.00642819 16.8393
158 0.000162656 0.00650028 16.9463
159 0.000161964 0.00679093 17.0536
160 0.000165451 0.0066287 17.1608
161 0.000164359 0.00642243 17.2677
162 0.00015951 0.00642421 17.3745
163 0.000179588 0.00690658 17.4819
164 0.000158338 0.00652466 17.589
165 0.000202681 0.00604638 17.6956
166 0.000211819 0.00610712 17.8022
167 0.000196028 0.00607742 17.9089
168 0.000201198 0.00629714 18.0157
169 0.000162215 0.00658978 18.1228
170 0.000162746 0.00687673 18.2302
171 0.000159249 0.00677432 18.3375
172 0.000194345 0.006455 18.4444
173 0.000219493 0.00656015 18.5516
174 0.000199936 0.00657129 18.6587
175 0.000201359 0.00658319 18.7658
176 0.000204796 0.00663139 18.873
177 0.000199625 0.00659227 18.9802
178 0.000184207 0.00660243 19.0873
179 0.000208382 0.00724865 19.1951
180 0.000160001 0.00659013 19.3022
181 0.000161463 0.00668209 19.4094
182 0.000160602 0.00674703 19.5166
183 0.000161133 0.00672122 19.6239
184 0.000165031 0.00617639 19.7306
185 0.000171272 0.00642246 19.8375
186 0.000172515 0.00624793 19.9443
187 0.000163698 0.00656772 20.0514
188 0.000173136 0.00676808 20.1587
189 0.000163888 0.00636049 20.2656
190 0.000160312 0.00676201 20.3729
191 0.000166503 0.00685635 20.4802
192 0.000161313 0.00635849 20.5871
193 0.000170671 0.00675945 20.6944
194 0.000173636 0.00655692 20.8015
195 0.000172724 0.00685695 20.9089
196 0.000156063 0.00654247 21.0159
197 0.000166934 0.00701713 21.1235
198 0.000139954 0.00608698 21.23
199 0.000157736 0.00670636 21.3372
200 0.000167946 0.00691698 21.4446
201 0.000160863 0.00651996 21.5517
202 0.000161143 0.00655795 21.6587
203 0.000178956 0.0061808 21.7654
204 0.000161564 0.00641238 21.8723
205 0.000157656 0.00639877 21.9792
206 0.000165802 0.00636093 22.0861
207 0.000161764 0.00670421 22.1933
208 0.000158037 0.0069889 22.3008
209 0.000269868 0.010123 22.4117
210 0.000157977 0.00718275 22.5195
211 0.000172484 0.00654433 22.6266
212 0.000173466 0.00680936 22.7339
213 0.000162285 0.0064977 22.8409
214 0.000157366 0.00624691 22.9477
215 0.000159821 0.00658013 23.0548
216 0.000160302 0.00644235 23.1617
217 0.000149731 0.00677532 23.269
218 0.000158578 0.00663878 23.3762
219 0.00015919 0.00681182 23.4835
220 0.000182794 0.00657611 23.5906
221 0.000157757 0.00661777 23.6977
222 0.000160162 0.00607589 23.8043
223 0.000163487 0.00673207 23.9116
224 0.000163748 0.00631691 24.0184
225 0.000181902 0.0063687 24.1253
226 0.000158648 0.00662516 24.2325
227 0.000179818 0.00661192 24.3396
228 0.00015953 0.00684789 24.447
229 0.000157145 0.00680111 24.5543
230 0.000160091 0.00642815 24.6613
231 0.000165521 0.00682262 24.7686
232 0.000161413 0.00677774 24.8759
233 0.00015949 0.00681672 24.9832
234 0.000171964 0.00669723 25.0905
235 0.000184697 0.00688043 25.1979
236 0.000162325 0.00660165 25.305
237 0.000146515 0.00637795 25.4119
238 0.000157677 0.00616619 25.5186
239 0.000158628 0.00666977 25.6258
240 0.000162566 0.00679118 25.7331
241 0.000158759 0.00687924 25.8405
242 0.000174999 0.00678281 25.9478
243 0.000158237 0.00673641 26.055
244 0.00015938 0.00643719 26.162
245 0.000160122 0.00618929 26.2687
246 0.000153429 0.00622895 26.3753
247 0.000165081 0.00666653 26.4826
248 0.000203373 0.00614251 26.5892
249 0.000206508 0.00624065 26.696
250 0.000197131 0.00603532 26.8026
251 0.000161554 0.00666053 26.9098
252 0.000158899 0.0070907 27.0174
253 0.00015954 0.0066728 27.1246
254 0.000169539 0.00822394 27.2334
255 0.000161854 0.00684539 27.3408
256 0.000161323 0.00663186 27.4479
257 0.000162065 0.00659614 27.555
258 0.000160962 0.00681591 27.6624
259 0.000161244 0.00670108 27.7696
260 0.000163468 0.00674334 27.8769
261 0.000160922 0.00693955 27.9843
262 0.000211798 0.00619032 28.0911
263 0.000200217 0.0067282 28.1984
264 0.000157847 0.00682032 28.3057
265 0.000173837 0.00768667 28.4139
266 0.000205576 0.0068688 28.5213
267 0.000196329 0.00609718 28.628
268 0.000165051 0.00675381 28.7352
269 0.000198453 0.0062834 28.8421
270 0.000199967 0.00633724 28.9491
271 0.000188695 0.00622036 29.0559
272 0.000202551 0.00616647 29.1626
273 0.00021812 0.00620981 29.2694
274 0.000221667 0.00624323 29.3762
275 0.000197271 0.00640876 29.4832
276 0.000159901 0.00686081 29.5906
277 0.000163628 0.00681378 29.6979
278 0.000157176 0.00689497 29.8053
279 0.000158808 0.00692134 29.9127
280 0.000161363 0.00661786 30.0198
281 0.00021811 0.00632457 30.1267
282 0.000198173 0.00659066 30.2339
283 0.000174298 0.00692431 30.3413
284 0.000161895 0.00620969 30.4481
285 0.000194335 0.00798783 30.5566
286 0.000202882 0.00817507 30.6653
287 0.00014874 0.0066899 30.7725
288 0.000169529 0.00667099 30.8797
289 0.000161163 0.00665298 30.9868
290 0.000159149 0.00626509 31.0936
291 0.000168207 0.00625503 31.2003
292 0.000161454 0.00691141 31.3078
293 0.000158378 0.00693262 31.4152
294 0.00016497 0.00662315 31.5223
295 0.000161624 0.00671837 31.6296
296 0.000166544 0.00706834 31.7371
297 0.000166082 0.00660551 31.8443
298 0.000187873 0.00630635 31.9511
299 0.000155092 0.00619908 32.0578
300 0.000146996 0.00634038 32.1647
301 0.000151195 0.00693557 32.2721
302 0.00014894 0.00616264 32.3788
303 0.000145834 0.00648767 32.4858
304 0.00017018 0.00619753 32.5925
305 0.00015402 0.00684422 32.6999
306 0.000139182 0.00654291 32.8069
307 0.000137578 0.00662323 32.914
308 0.000146696 0.00635664 33.0209
309 0.00013778 0.00703486 33.1284
310 0.000141697 0.00655716 33.2355
311 0.000151185 0.00639561 33.3424
312 0.000136667 0.00641865 33.4493
313 0.000141076 0.00677181 33.5566
314 0.000135655 0.00641398 33.6635
315 0.000138651 0.00634125 33.7704
316 0.000130255 0.00679001 33.8777
317 0.000131678 0.00627466 33.9845
318 0.000161674 0.0068166 34.0918
319 0.000129263 0.00631376 34.1986
320 0.000126207 0.00680462 34.3059
321 0.000125156 0.00635415 34.4127
322 0.000161775 0.00682584 34.5201
323 0.000118012 0.00706524 34.6276
324 0.000124605 0.00705006 34.7351
325 0.00012233 0.00676893 34.8424
326 0.00013826 0.0066958 34.9496
327 0.000132399 0.00708864 35.0572
328 0.000118442 0.00710093 35.1647
329 0.000116149 0.00631534 35.2715
330 0.000123993 0.00687249 35.3789
331 0.000114977 0.00687679 35.4862
332 0.000119355 0.00628755 35.593
333 0.000112582 0.00716347 35.7006
334 0.00014387 0.00734444 35.8085
335 0.000120817 0.00645131 35.9154
336 0.00010636 0.00629905 36.0222
337 0.000105819 0.00621887 36.1289
338 0.000100649 0.00722643 36.2366
339 0.000106931 0.00765407 36.3447
340 9.7012e-05 0.0070872 36.4522
341 0.00010661 0.00758438 36.5603
342 9.7173e-05 0.0067181 36.6675
343 9.7474e-05 0.00602232 36.774
344 9.4658e-05 0.00618175 36.8806
345 9.2915e-05 0.00633841 36.9874
346 9.2374e-05 0.00630988 37.0942
347 8.9819e-05 0.00679426 37.2015
348 8.7775e-05 0.0066128 37.3085
349 0.000116439 0.0066458 37.4157
350 9.4488e-05 0.00626704 37.5224
351 9.4087e-05 0.00639287 37.6293
352 9.1452e-05 0.00631699 37.7361
353 8.8486e-05 0.00683231 37.8434
354 8.4559e-05 0.00654248 37.9504
355 8.4459e-05 0.00629083 38.0572
356 8.0622e-05 0.00623412 38.1638
357 8.1073e-05 0.00634573 38.2707
358 8.2515e-05 0.00632594 38.3774
359 7.8588e-05 0.00717744 38.485
360 7.7014e-05 0.0065472 38.592
361 7.462e-05 0.00650029 38.699
