TimeStep Temps_Avancement Temps_Affichage Temps_Simulation
1 0.0252712 0.117069 0.193801
2 0.0001757 0.0229713 0.267166
3 0.0001355 0.0198892 0.337413
4 0.000248 0.020407 0.40847
5 0.0002525 0.0220185 0.480989
6 0.0002263 0.0240985 0.555732
7 0.0001627 0.0160596 0.62227
8 0.0002522 0.0194726 0.692253
9 0.0002381 0.0203176 0.763024
10 0.0013107 0.0264456 0.840953
11 0.0002793 0.0162799 0.90797
12 0.000208 0.0192794 0.977797
13 0.0002281 0.0163509 1.04472
14 0.0001918 0.0173988 1.11258
15 0.0002283 0.0166288 1.17967
16 0.0001996 0.0165597 1.24682
17 0.0001909 0.0171282 1.31453
18 0.0002265 0.017005 1.38196
19 0.0001909 0.0159106 1.44841
20 0.0001917 0.031002 1.52998
21 0.0001976 0.0164101 1.59696
22 0.0002597 0.0155295 1.66291
23 0.0001956 0.0182637 1.73175
24 0.0002637 0.0171503 1.79946
25 0.0009458 0.0226867 1.87329
26 0.0001789 0.0206153 1.9443
27 0.000203 0.024447 2.0191
28 0.0001875 0.0237398 2.09323
29 0.0002201 0.0191779 2.16279
30 0.0001805 0.0169994 2.2302
31 0.0002344 0.0203877 2.30106
32 0.0002632 0.0259238 2.37744
33 0.0017291 0.018764 2.44827
34 0.0002789 0.0177793 2.51669
35 0.000214 0.0174671 2.58462
36 0.000401 0.0192508 2.65454
37 0.0191585 0.0256237 2.74956
38 0.0002357 0.017339 2.81729
39 0.0008228 0.0191683 2.88758
40 0.0003154 0.0197925 2.95802
41 0.0002258 0.0195996 3.0282
42 0.0002654 0.0250829 3.10387
43 0.0002765 0.0159184 3.17054
44 0.0006419 0.0419401 3.26342
45 0.0002955 0.025384 3.3395
46 0.0002203 0.0214114 3.41149
47 0.0005345 0.031325 3.49362
48 0.0003283 0.0236069 3.56778
49 0.000483 0.0178147 3.63624
50 0.0002359 0.0191111 3.70576
51 0.000207 0.0216288 3.77778
52 0.00024 0.0250308 3.85324
53 0.000268 0.0220181 3.9257
54 0.0002459 0.0232308 3.99933
55 0.000275 0.0278184 4.07761
56 0.0002805 0.0247658 4.15292
57 0.0076941 0.0221175 4.233
58 0.0013599 0.0221869 4.30782
59 0.0002731 0.0211452 4.37955
60 0.0002874 0.0236098 4.45367
61 0.0002005 0.0193823 4.52368
62 0.0002673 0.0262578 4.60041
63 0.0006917 0.0184804 4.67056
64 0.0094214 0.0358444 4.76616
65 0.0113882 0.0216793 4.84946
66 0.0002979 0.0263845 4.92636
67 0.0003004 0.0279159 5.00481
68 0.0003078 0.0312489 5.08697
69 0.0002825 0.0294821 5.16692
70 0.0093298 0.0365999 5.26301
71 0.0002249 0.021726 5.33514
72 0.0002787 0.0219469 5.40769
73 0.0002536 0.0251279 5.48325
74 0.0003023 0.0266416 5.56052
75 0.0007734 0.0237995 5.63528
76 0.0002226 0.0227765 5.70848
77 0.000286 0.019473 5.77839
78 0.0145247 0.0266878 5.86978
79 0.0002589 0.0176598 5.93802
80 0.0004972 0.0285009 6.01718
81 0.0042022 0.0189873 6.09052
82 0.000235 0.0188321 6.16139
83 0.0003144 0.0206992 6.23259
84 0.0002353 0.025602 6.30856
85 0.000246 0.0255347 6.38452
86 0.0003374 0.0244362 6.45947
87 0.0002753 0.039393 6.55503
88 0.0003283 0.030275 6.63603
89 0.0002781 0.0296868 6.71793
90 0.0002845 0.0282071 6.79663
91 0.0003481 0.0240102 6.87118
92 0.0003217 0.0211085 6.94288
93 0.0111237 0.0250529 7.02929
94 0.002528 0.0383132 7.12036
95 0.0003149 0.0224865 7.19336
96 0.000336 0.0359473 7.27993
97 0.0017122 0.0714501 7.40331
98 0.0144226 0.0468313 7.85269
99 0.000343 0.0231728 7.92639
100 0.0024894 0.0271901 8.00625
101 0.0005863 0.0368547 8.09448
102 0.0004696 0.04906 8.19425
103 0.0884194 0.0602629 8.39314
104 0.0168189 0.0494682 8.5096
105 0.0183891 0.0520755 8.63024
106 0.0004541 0.043736 8.72465
107 0.0004269 0.0308884 8.80616
108 0.0175555 0.0376963 8.98872
109 0.0008087 0.127881 9.16762
110 0.0213857 0.0861766 9.32535
111 0.0182265 0.0392402 9.43408
112 0.0006952 0.0252727 9.5102
113 0.0025156 0.0168298 9.57971
114 0.0024423 0.0345561 9.66686
115 0.0028827 0.038091 9.75798
116 0.0004871 0.023435 9.83208
117 0.0128427 0.0390707 9.93418
118 0.0009088 0.0219695 10.0072
119 0.009392 0.0292392 10.0961
120 0.0005161 0.0192157 10.1666
121 0.0097022 0.0372609 10.2637
122 0.0037516 0.0209194 10.3388
123 0.0029538 0.0192847 10.4112
124 0.0005311 0.026616 10.4885
125 0.0005824 0.0162918 10.5556
126 0.0006178 0.0158424 10.6222
127 0.002617 0.0277115 10.7031
128 0.0044341 0.0397021 10.7977
129 0.0006442 0.0285066 10.877
130 0.0007218 0.0221249 10.95
131 0.0016257 0.0659021 11.1024
132 0.0179977 0.0704147 11.2415
133 0.0211992 0.0767765 11.3898
134 0.001317 0.041484 11.4828
135 0.0009936 0.0198637 11.5539
136 0.001372 0.0187466 11.6242
137 0.0010252 0.0222692 11.6977
138 0.0010364 0.0207886 11.7697
139 0.0011619 0.0263438 11.8474
140 0.0037648 0.0245707 11.9259
141 0.0013209 0.0217498 11.9992
142 0.0016084 0.0171722 12.0681
143 0.0015082 0.0167469 12.1366
144 0.001764 0.0231767 12.2117
145 0.001671 0.0348853 12.2985
146 0.0020908 0.0191247 12.37
147 0.0021803 0.0271742 12.4498
148 0.0017911 0.0177216 12.5195
149 0.0021308 0.0432369 12.6151
150 0.0018948 0.0219269 12.6893
151 0.0019555 0.0255429 12.767
152 0.0020096 0.0208294 12.84
153 0.0058058 0.0317706 12.9278
154 0.0017544 0.0211064 13.0008
155 0.0019881 0.0163674 13.0693
156 0.0017892 0.0168677 13.1382
157 0.0017679 0.0226955 13.2128
158 0.0017901 0.0221631 13.2869
159 0.0017938 0.0237297 13.3626
160 0.0017028 0.0204654 13.435
161 0.0018799 0.0209438 13.508
162 0.0018184 0.0191041 13.579
163 0.002041 0.0200814 13.6514
164 0.0021503 0.0217389 13.7255
165 0.0019478 0.0201158 13.7977
166 0.001849 0.0207332 13.8704
167 0.0020387 0.0178561 13.9405
168 0.0020243 0.0163677 14.0091
169 0.0020853 0.0179889 14.0793
170 0.0024226 0.0282333 14.1602
171 0.0021021 0.0170252 14.2295
172 0.0022171 0.0204453 14.3023
173 0.0023406 0.0213977 14.3762
174 0.0023126 0.0186495 14.4473
175 0.0022486 0.0191486 14.5189
176 0.0023671 0.024553 14.596
177 0.0028498 0.0199191 14.6689
178 0.0023351 0.016434 14.7379
179 0.0024301 0.0174746 14.808
180 0.0025858 0.0179989 14.8787
181 0.0029783 0.0224169 14.9543
182 0.0025267 0.0242766 15.0312
183 0.0025584 0.0205459 15.1045
184 0.0026256 0.0211505 15.1785
185 0.0028975 0.0226063 15.2541
186 0.0030672 0.0197676 15.3271
187 0.0028087 0.0210378 15.4011
188 0.002959 0.0159688 15.4702
189 0.0029694 0.0180923 15.5415
190 0.0031289 0.0171008 15.6119
191 0.0029416 0.0180077 15.683
192 0.0033856 0.024218 15.7609
193 0.0041274 0.0184618 15.8336
194 0.0034511 0.0251902 15.9124
195 0.0031011 0.0176486 15.9833
196 0.0038108 0.0207742 16.0581
197 0.0037619 0.0284409 16.1405
198 0.0035021 0.0190346 16.2132
199 0.0032741 0.0191616 16.2858
200 0.0042301 0.021729 16.3619
201 0.0038733 0.016447 16.4324
202 0.0039268 0.0179062 16.5044
203 0.012196 0.019075 16.5859
204 0.0039446 0.0192598 16.6592
205 0.0042289 0.0165599 16.7302
206 0.0042398 0.0211339 16.8057
207 0.0072674 0.0629144 16.9261
208 0.0040245 0.0200406 17.0004
209 0.0043739 0.0228745 17.0778
210 0.0042248 0.0188969 17.1511
211 0.0042191 0.0508155 17.2563
212 0.0043577 0.0521197 17.363
213 0.0047146 0.0349341 17.4528
214 0.0047328 0.0228228 17.5305
215 0.0058666 0.0327118 17.6193
216 0.0047612 0.0251872 17.6994
217 0.0051545 0.0169162 17.7716
218 0.0046881 0.0170266 17.8435
219 0.0045066 0.0202612 17.9185
220 0.0048063 0.0164834 17.9899
221 0.0050092 0.0232503 18.0684
222 0.0046757 0.0185231 18.1418
223 0.004745 0.0178004 18.2145
224 0.0057506 0.0233461 18.2938
225 0.0057837 0.0189976 18.3687
226 0.0054517 0.0169293 18.4413
227 0.0048746 0.0209239 18.5173
228 0.0058234 0.0158734 18.5892
229 0.0053904 0.0209368 18.6656
230 0.0062451 0.0213932 18.7435
231 0.0055615 0.0218578 18.8211
232 0.0083649 0.0189278 18.8985
233 0.0070465 0.0193225 18.975
234 0.0068397 0.0209749 19.0531
235 0.0105178 0.0183479 19.1321
236 0.006278 0.0210348 19.2097
237 0.006479 0.0242127 19.2905
238 0.0076002 0.0240511 19.3724
239 0.00699 0.0261445 19.4557
240 0.0066453 0.0223858 19.5349
241 0.0064816 0.0272213 19.6187
242 0.0066878 0.0187618 19.6944
243 0.0115822 0.0179109 19.7741
244 0.0060344 0.0193419 19.8497
245 0.0071716 0.0169247 19.9239
246 0.0079303 0.019514 20.0016
247 0.0081393 0.0217997 20.0817
248 0.0115088 0.0202494 20.1637
249 0.0079931 0.0190881 20.2409
250 0.0066756 0.0159656 20.3137
251 0.0114307 0.0180064 20.3934
252 0.0165459 0.017923 20.478
253 0.0084877 0.015431 20.5521
254 0.0076994 0.0161904 20.6262
255 0.0082636 0.0169123 20.7016
256 0.0133554 0.0298854 20.795
257 0.0182002 0.0251676 20.8886
258 0.0090245 0.0189428 20.9668
259 0.0092176 0.0198113 21.046
260 0.0159204 0.0204911 21.1325
261 0.0152208 0.022403 21.2203
262 0.0087423 0.019663 21.2989
263 0.0140942 0.0295262 21.3927
264 0.0095755 0.0263397 21.4788
265 0.0135549 0.023458 21.5659
266 0.0120048 0.0196441 21.6478
267 0.0445369 0.0227451 21.7652
268 0.0182661 0.020414 21.8541
269 0.0110643 0.022795 21.9381
270 0.0135827 0.0228913 22.0247
271 0.0102493 0.0173701 22.1026
272 0.0116525 0.0208772 22.1853
273 0.0099827 0.0178871 22.2633
274 0.0148812 0.0203372 22.3487
275 0.008806 0.0181111 22.4258
276 0.0080353 0.0293436 22.5134
277 0.0221659 0.0232342 22.609
278 0.0083235 0.0218144 22.6893
279 0.0093115 0.0234476 22.7722
280 0.0147563 0.0362873 22.8734
281 0.0162346 0.0214482 22.9613
282 0.026383 0.0159791 23.0538
283 0.0091499 0.0171628 23.1303
284 0.0169179 0.0260731 23.2234
285 0.0090653 0.0342936 23.3169
286 0.0120979 0.0307733 23.41
287 0.0113239 0.029568 23.5011
288 0.0109291 0.0256992 23.5879
289 0.0202342 0.0552397 23.7136
290 0.02069 0.0487819 23.8332
291 0.0101122 0.0255717 23.9191
292 0.0103227 0.0264262 24.006
293 0.0095461 0.0171257 24.0828
294 0.015081 0.0211022 24.1692
295 0.0089717 0.0176638 24.246
296 0.013675 0.0198063 24.3296
297 0.0148822 0.0207797 24.4155
298 0.0108962 0.0186974 24.4952
299 0.0099442 0.0170159 24.5723
300 0.0090857 0.0167366 24.6484
301 0.0140476 0.0207443 24.7333
302 0.0135649 0.0224588 24.8195
303 0.0130868 0.020624 24.9034
304 0.0108426 0.0171281 24.9815
305 0.009343 0.0185427 25.0596
306 0.0100589 0.0220808 25.1419
307 0.0245342 0.0225278 25.2391
308 0.0096231 0.0165085 25.3154
309 0.0162652 0.0189294 25.4009
310 0.0129135 0.0191964 25.4832
311 0.0101122 0.0259401 25.5694
312 0.0092551 0.0175841 25.6464
313 0.0099526 0.0176158 25.7241
314 0.0127413 0.0226548 25.8097
315 0.0155266 0.0172906 25.8926
316 0.0117448 0.0219661 25.9765
317 0.0112517 0.0160161 26.0539
318 0.020441 0.028274 26.1529
319 0.017208 0.0166781 26.237
320 0.0201103 0.0295814 26.3369
321 0.0161242 0.0222809 26.4255
322 0.0140871 0.0196671 26.5094
323 0.0142006 0.0236655 26.5974
324 0.0183708 0.0228049 26.6888
325 0.0188333 0.0243162 26.7821
326 0.0248503 0.0298369 26.887
327 0.0160722 0.0176359 26.9709
328 0.0159389 0.0214097 27.0584
329 0.0143227 0.0161258 27.139
330 0.016834 0.0189594 27.225
331 0.0203585 0.0179191 27.3134
332 0.0154302 0.0176157 27.3966
333 0.0140623 0.0194842 27.4803
334 0.0182395 0.017568 27.5663
335 0.0336423 0.0243688 27.6745
336 0.0176246 0.0183713 27.7606
337 0.0173455 0.0219847 27.8501
338 0.016485 0.0268587 27.9437
339 0.0249807 0.0298075 28.0487
340 0.0241367 0.0403475 28.1633
341 0.0682147 0.068535 28.3503
342 0.0946262 0.0620456 28.5575
343 0.0257492 0.029991 28.6634
344 0.0381878 0.0505719 28.803
345 0.06212 0.0519592 28.9674
346 0.0312566 0.0364374 29.0858
347 0.0435911 0.0416635 29.2218
348 0.0405305 0.0336449 29.3463
349 0.0866465 0.0599379 29.5431
350 0.0463409 0.0379555 29.6776
351 0.0344153 0.0436642 29.8059
352 0.0278658 0.0327008 29.9167
353 0.0208427 0.0186665 30.0063
354 0.0193973 0.0200351 30.096
355 0.025427 0.0353069 30.2069
356 0.0311702 0.0300378 30.3183
357 0.042574 0.0595333 30.4706
358 0.0529662 0.0334181 30.6073
359 0.0573712 0.118249 30.8331
360 0.0681269 0.0783623 31.0298
361 0.0498346 0.0354697 31.1652
362 0.0259734 0.0348046 31.2761
363 0.0334195 0.0298359 31.3897
364 0.0316819 0.0409389 31.5125
365 0.0484625 0.0311128 31.6422
366 0.0329478 0.0299364 31.7552
367 0.04224 0.0542081 31.9026
368 0.0546433 0.0582067 32.066
369 0.0480345 0.0424164 32.2066
370 0.0357339 0.0252433 32.3178
371 0.0459435 0.0487182 32.4627
372 0.0508807 0.0318578 32.5956
373 0.0387575 0.0316356 32.7161
374 0.0475717 0.0385527 32.8531
375 0.0417505 0.0467149 32.992
376 0.0309898 0.0294695 33.103
377 0.0408829 0.0372098 33.2314
378 0.0432934 0.0378372 33.3628
379 0.0462062 0.0293668 33.4889
380 0.0579138 0.0686058 33.6657
381 0.0896298 0.0951373 33.9007
382 0.0442027 0.0555243 34.0506
383 0.0252692 0.0292535 34.1553
384 0.0431163 0.0408736 34.29
385 0.0434278 0.0487755 34.4326
386 0.0328371 0.0330096 34.5486
387 0.0470361 0.0588001 34.7047
388 0.025803 0.0297004 34.8104
389 0.0228637 0.0202509 34.9037
390 0.0196911 0.0203413 34.9939
391 0.0237772 0.0231559 35.091
392 0.0245477 0.0246719 35.1904
393 0.0242079 0.0223185 35.2871
394 0.0264822 0.0199992 35.3838
395 0.0208564 0.0237526 35.4786
396 0.0208403 0.0186478 35.5683
397 0.0265644 0.0236667 35.6687
398 0.0279819 0.0229828 35.7698
399 0.0369899 0.0253027 35.8823
400 0.0228917 0.0217269 35.977
401 0.0230476 0.0270657 36.0773
402 0.0242392 0.0210106 36.1728
403 0.0212194 0.0226717 36.2669
404 0.0199368 0.0216908 36.3587
405 0.0249401 0.0186686 36.4524
406 0.0218412 0.019695 36.5442
407 0.0166032 0.0185872 36.6296
408 0.019421 0.0216016 36.7207
409 0.0250581 0.0207965 36.8167
410 0.0231567 0.0215528 36.9116
411 0.0203359 0.0177905 36.9999
412 0.0257978 0.0173585 37.0932
413 0.0233307 0.0210016 37.1877
414 0.0185169 0.0211296 37.2775
415 0.0197586 0.0223475 37.3698
416 0.0213514 0.0217247 37.4631
417 0.0245908 0.0174021 37.5553
418 0.0250736 0.0274484 37.658
419 0.0235615 0.0209683 37.7527
420 0.0217547 0.0212948 37.846
421 0.0199896 0.0220077 37.9381
422 0.0235543 0.021538 38.0334
423 0.0199278 0.0188355 38.1224
424 0.0244472 0.0189489 38.2159
425 0.0185288 0.0219404 38.3065
426 0.0206299 0.0206748 38.398
427 0.0181447 0.0197629 38.4861
428 0.0207532 0.0188412 38.5758
429 0.0218622 0.0277835 38.6757
430 0.0200828 0.021971 38.7679
431 0.0215348 0.0223111 38.8619
432 0.0191981 0.0197423 38.9511
433 0.0202271 0.0180158 39.0395
434 0.0213608 0.0187983 39.1298
435 0.0557767 0.0508168 39.2866
436 0.0242867 0.0191915 39.3803
437 0.0176126 0.0169689 39.465
438 0.0226371 0.0229519 39.5608
439 0.0194465 0.0175863 39.648
440 0.019297 0.021012 39.7385
441 0.0222675 0.0188767 39.8299
442 0.0152862 0.0159814 39.9114
443 0.0205627 0.0178394 40
444 0.0175004 0.021109 40.0888
445 0.0196494 0.0183574 40.177
446 0.0169683 0.0207609 40.2649
447 0.0173456 0.0188437 40.3513
448 0.0171548 0.024982 40.4439
449 0.0139011 0.0170574 40.5252
450 0.015958 0.0187494 40.6102
451 0.0161028 0.0186893 40.6952
452 0.0143299 0.0164577 40.7764
453 0.0134816 0.0159312 40.856
454 0.0164402 0.0168146 40.9396
455 0.0133051 0.016228 41.0196
456 0.0261486 0.0201241 41.1163
457 0.0136423 0.0190804 41.1994
458 0.0137769 0.0164558 41.2798
459 0.013629 0.0165905 41.3602
460 0.0138561 0.0160751 41.4403
461 0.0142403 0.0169745 41.5218
462 0.0416559 0.0168519 41.6305
463 0.0256166 0.0164288 41.7229
464 0.0149236 0.0159317 41.8042
465 0.0142314 0.0164062 41.8849
466 0.0166924 0.0184159 41.9703
467 0.0177488 0.0187244 42.057
468 0.0203244 0.0192281 42.1469
469 0.0160086 0.0163236 42.2297
470 0.0159303 0.0159551 42.312
471 0.0159994 0.0167391 42.395
472 0.0169975 0.0190634 42.4813
473 0.0403195 0.0194668 42.5914
474 0.0196436 0.0186669 42.68
475 0.0152524 0.0164345 42.7621
476 0.0168742 0.0164544 42.8459
477 0.0173053 0.016034 42.9294
478 0.0175903 0.0162994 43.0136
479 0.016445 0.0164819 43.0968
480 0.0163255 0.0188454 43.1822
481 0.0220361 0.0165123 43.271
482 0.0169441 0.0168956 43.355
483 0.0164363 0.0164768 43.4383
484 0.0170413 0.0175291 43.5232
485 0.0262772 0.0162351 43.616
486 0.039714 0.0202551 43.7262
487 0.0301983 0.0164276 43.8232
488 0.025975 0.0165235 43.916
489 0.0367005 0.0236814 44.0266
490 0.0209715 0.0175605 44.1155
491 0.026958 0.0164907 44.2091
492 0.0202905 0.018907 44.2987
493 0.0203002 0.018769 44.388
494 0.0183386 0.0161375 44.4726
495 0.0165717 0.0167673 44.5563
496 0.016945 0.0163712 44.6398
497 0.0172529 0.0164956 44.7239
498 0.0194348 0.0196688 44.8132
499 0.0240886 0.0206674 44.9081
500 0.0171257 0.0200022 44.9956
501 0.0153492 0.0169348 45.0781
502 0.0161338 0.0166385 45.161
503 0.0458045 0.0215446 45.2786
504 0.0254806 0.0187204 45.3731
505 0.0174579 0.0173141 45.4581
506 0.0189997 0.0165165 45.5438
507 0.015804 0.0175075 45.6275
508 0.0187185 0.0213126 45.7177
509 0.0208909 0.0280174 45.817
510 0.0240103 0.018429 45.9097
511 0.024828 0.0213365 46.006
512 0.0204224 0.0285587 46.1052
513 0.0507357 0.0209844 46.2271
514 0.0198225 0.0236441 46.3208
515 0.0245563 0.0206217 46.4162
516 0.0243959 0.032772 46.5236
517 0.0187994 0.0209791 46.6136
518 0.0217001 0.0214067 46.7069
519 0.0231093 0.0248345 46.805
520 0.0221082 0.0186432 46.896
521 0.0303531 0.0309903 47.0077
522 0.0669589 0.0335519 47.1596
523 0.0168819 0.0159585 47.2427
524 0.027455 0.016929 47.3374
525 0.0179323 0.0198908 47.4255
526 0.0188786 0.0182251 47.513
527 0.0152571 0.0214235 47.6
528 0.0304054 0.0254115 47.7063
529 0.0144007 0.0160363 47.787
530 0.0241631 0.0256592 47.8872
531 0.0130997 0.0161297 47.9668
532 0.022361 0.0518812 48.0912
533 0.0270437 0.0420711 48.2106
534 0.0160544 0.0161143 48.2929
535 0.019354 0.0244326 48.3869
536 0.0210881 0.0173584 48.4755
537 0.0180039 0.0200623 48.5638
538 0.0204306 0.0202299 48.6549
539 0.0230371 0.0310162 48.7592
540 0.0155546 0.0163491 48.8413
541 0.0169946 0.0196059 48.9283
542 0.0178052 0.0190499 49.0153
543 0.0195905 0.0212004 49.1063
544 0.0211902 0.0301081 49.208
545 0.0195365 0.0179208 49.2956
546 0.0163287 0.0185866 49.3808
547 0.0161008 0.0208558 49.4681
548 0.0167935 0.0159006 49.5513
549 0.0145561 0.0197311 49.636
550 0.0408178 0.0196213 49.7467
551 0.014303 0.0167246 49.828
552 0.0174184 0.0217586 49.9174
553 0.0270635 0.0362241 50.0309
554 0.0266767 0.0295137 50.1383
555 0.0251251 0.0308918 50.245
556 0.0257903 0.028235 50.3498
557 0.0393639 0.0240321 50.4636
558 0.0222231 0.0240731 50.5604
559 0.0848559 0.0334725 50.7291
560 0.152141 0.143912 51.0756
561 0.0223473 0.0384868 51.1868
562 0.0240214 0.0341136 51.2955
563 0.0237731 0.0293947 51.3989
564 0.0403483 0.0492255 51.5391
565 0.0228726 0.0225298 51.6349
566 0.0439782 0.0333959 51.7625
567 0.0222676 0.0374026 51.8725
568 0.0151542 0.0169045 51.9548
569 0.0208801 0.0355534 52.0614
570 0.0283496 0.142122 52.2826
571 0.0702338 0.140192 52.5434
572 0.0248112 0.0376461 52.6571
573 0.016698 0.0197854 52.7437
574 0.0163882 0.0323547 52.8427
575 0.0247112 0.0290291 52.9466
576 0.0126068 0.023656 53.0331
577 0.0185341 0.0217276 53.1235
578 0.0185748 0.0255357 53.2178
579 0.0200374 0.0234586 53.3115
580 0.0152584 0.0239209 53.4009
581 0.0206973 0.0304041 53.5022
582 0.0155383 0.0185779 53.5865
583 0.011392 0.0182668 53.6663
584 0.0106415 0.0186603 53.7458
585 0.0111651 0.0216167 53.8288
586 0.0116282 0.0202 53.9108
587 0.0129876 0.0199357 53.9939
588 0.0110014 0.0193947 54.0745
589 0.0105196 0.0247508 54.16
590 0.0144132 0.0345039 54.2597
591 0.0193803 0.0402791 54.3697
592 0.015789 0.0256678 54.4614
593 0.015334 0.0208091 54.5477
594 0.0234472 0.0244197 54.6457
595 0.0125399 0.02179 54.7302
596 0.0088703 0.0198129 54.809
597 0.012289 0.021908 54.8934
598 0.007988 0.0219177 54.9736
599 0.0182951 0.0292948 55.0714
600 0.0134157 0.02758 55.1626
601 0.0091115 0.0205358 55.2424
602 0.0070135 0.0202056 55.3198
603 0.0076325 0.0248856 55.4025
604 0.0088975 0.0252136 55.4868
605 0.0083076 0.0206521 55.566
606 0.008164 0.0474892 55.6721
607 0.0522873 0.071512 55.8478
608 0.0268151 0.0395849 55.9646
609 0.0077017 0.0190063 56.0415
610 0.007881 0.0170762 56.1166
611 0.0084622 0.0193944 56.1947
612 0.0081657 0.0310692 56.2842
613 0.0075806 0.0208113 56.3627
614 0.008863 0.0228485 56.4446
615 0.0084299 0.0220205 56.5253
616 0.0090572 0.0219992 56.6065
617 0.0102299 0.0219469 56.6889
618 0.0099799 0.0195338 56.7686
619 0.0136742 0.0242814 56.8568
620 0.0079842 0.025664 56.9406
621 0.0076799 0.0199726 57.0184
622 0.0103465 0.0720597 57.151
623 0.0200906 0.0216713 57.2429
624 0.0107691 0.0251577 57.329
625 0.0096135 0.0192694 57.408
626 0.0076975 0.0182894 57.4842
627 0.0083158 0.0189591 57.5616
628 0.0124001 0.0246947 57.6491
629 0.0097556 0.0200443 57.729
630 0.0087778 0.0201053 57.808
631 0.0078717 0.0246986 57.8907
632 0.0081896 0.017404 57.9665
633 0.0158277 0.0172649 58.0499
634 0.0095163 0.0274288 58.137
635 0.012066 0.0223434 58.2215
636 0.0100671 0.0241072 58.3059
637 0.0083583 0.0217404 58.3862
638 0.0085665 0.0230747 58.468
639 0.0091955 0.0216947 58.5491
640 0.0135684 0.0220338 58.6349
641 0.0095875 0.0165177 58.7112
642 0.0085563 0.0174494 58.7873
643 0.0083759 0.027614 58.8738
644 0.0169321 0.0241338 58.965
645 0.013723 0.0232726 59.0522
646 0.0091667 0.0187171 59.1303
647 0.0129155 0.0230499 59.2165
648 0.0083606 0.0215693 59.2966
649 0.0096386 0.019768 59.3762
650 0.0176052 0.0222817 59.4663
651 0.0146568 0.0337329 59.5649
652 0.0111762 0.0272382 59.6535
653 0.0075915 0.0191867 59.7305
654 0.0094197 0.0199657 59.81
655 0.0082823 0.0193161 59.8878
656 0.0074109 0.0179027 59.9633
657 0.0097701 0.0221202 60.0453
658 0.0074922 0.0177672 60.1208
659 0.0088993 0.0190181 60.1989
660 0.0117442 0.0197074 60.2806
661 0.009493 0.0163992 60.3567
662 0.008262 0.0167333 60.4318
663 0.0081601 0.0207191 60.5108
664 0.0118446 0.0166965 60.5896
665 0.0072917 0.0181704 60.6652
666 0.0073862 0.0189779 60.7418
667 0.0086393 0.0280083 60.8286
668 0.0074817 0.0189821 60.9051
669 0.0065086 0.017594 60.9794
670 0.0071825 0.0268999 61.0637
671 0.0066391 0.0210386 61.1416
672 0.0157963 0.0227951 61.2304
673 0.0081218 0.0194593 61.3082
674 0.0064213 0.0251146 61.3899
675 0.0069571 0.0227038 61.4697
676 0.0063374 0.019815 61.5461
677 0.0076759 0.0230444 61.627
678 0.0062017 0.0285309 61.7119
679 0.0059219 0.0168705 61.7849
680 0.0057611 0.0330703 61.8739
681 0.0052452 0.0188613 61.9482
682 0.0059086 0.017142 62.0214
683 0.0065171 0.0196995 62.0978
684 0.0064496 0.0192466 62.1736
685 0.0051751 0.0193558 62.2483
686 0.0058829 0.0184603 62.3228
687 0.0054492 0.0212355 62.3998
688 0.0066646 0.0267951 62.4834
689 0.0061615 0.0436165 62.5834
690 0.0060812 0.0281138 62.6678
691 0.0054241 0.0200187 62.7434
692 0.0051603 0.0223907 62.8212
693 0.0052334 0.0307469 62.9074
694 0.0063109 0.032753 62.9966
695 0.0062035 0.0281506 63.0812
696 0.0054257 0.0269162 63.1637
697 0.0182081 0.0247745 63.2568
698 0.0052456 0.0189087 63.3312
699 0.0055457 0.020077 63.407
700 0.0048035 0.0220452 63.484
701 0.0046106 0.0173599 63.5561
702 0.0046931 0.0171514 63.6282
703 0.0054133 0.0205917 63.7044
704 0.0048787 0.0270584 63.7865
705 0.005307 0.0175344 63.8596
706 0.0053448 0.0214939 63.9365
707 0.0047693 0.0188928 64.0104
708 0.0054199 0.0370615 64.1031
709 0.0047011 0.0212204 64.1792
710 0.0053609 0.0170115 64.2517
711 0.0046483 0.0197804 64.3263
712 0.0047702 0.0239574 64.4052
713 0.0045101 0.0187294 64.4787
714 0.0048683 0.0191637 64.5529
715 0.0048119 0.0236714 64.6316
716 0.0052191 0.0226834 64.7097
717 0.0044258 0.0180198 64.7831
718 0.0089648 0.0203285 64.8626
719 0.0048623 0.0392526 64.9572
720 0.0218709 0.0359823 65.0652
721 0.0073088 0.0512371 65.174
722 0.0044484 0.0216894 65.2503
723 0.0044771 0.0224429 65.3274
724 0.017874 0.046173 65.4417
725 0.0044979 0.0253752 65.5217
726 0.0043646 0.0229368 65.5992
727 0.0063135 0.0309057 65.6866
728 0.0041128 0.0259792 65.767
729 0.0094242 0.020398 65.847
730 0.0048049 0.022298 65.9243
731 0.0037331 0.034743 66.0129
732 0.0040684 0.0728542 66.1401
733 0.0223706 0.0361921 66.2488
734 0.005056 0.0319993 66.3361
735 0.0036555 0.0393831 66.4293
736 0.0037176 0.0652482 66.6073
737 0.0034588 0.0285193 66.6895
738 0.003231 0.0242987 66.7673
739 0.0032243 0.0221531 66.8428
740 0.0030414 0.0168497 66.9128
741 0.0029844 0.0217678 66.9878
742 0.0036724 0.0226201 67.0642
743 0.0031953 0.0209476 67.1386
744 0.0031456 0.023235 67.2151
745 0.0025865 0.0203763 67.2882
746 0.0025827 0.0225696 67.3636
747 0.0023946 0.0191832 67.4354
748 0.0023347 0.0424628 67.5303
749 0.0024534 0.0246971 67.6077
750 0.0022624 0.0263692 67.6871
751 0.0022244 0.0233244 67.7629
752 0.002283 0.0210801 67.8364
753 0.0021742 0.0234495 67.9122
754 0.0022206 0.0298925 67.9945
755 0.0022121 0.0175622 68.0644
756 0.0022706 0.0163883 68.1333
757 0.0023785 0.0235473 68.2094
758 0.0023483 0.020362 68.2824
759 0.0024792 0.0213722 68.3564
760 0.0021814 0.0190826 68.4278
761 0.0021577 0.0253036 68.5054
762 0.0020791 0.0177623 68.5755
763 0.0021019 0.0168697 68.6446
764 0.0025389 0.0213475 68.7187
765 0.0023289 0.0233917 68.7946
766 0.0020317 0.0194273 68.8662
767 0.0020175 0.0214833 68.9399
768 0.0021761 0.0239636 69.0164
769 0.0022179 0.0205527 69.0893
770 0.0020209 0.0178643 69.1594
771 0.0020009 0.0241254 69.2358
772 0.0019488 0.0178222 69.3057
773 0.001911 0.0196206 69.3774
774 0.0019068 0.0209437 69.4504
775 0.0018682 0.0195699 69.5221
776 0.0018522 0.019242 69.5934
777 0.0018846 0.0189757 69.6644
778 0.0018655 0.0228888 69.7394
779 0.013388 0.0224902 69.8256
780 0.0018043 0.0265469 69.9041
781 0.0018447 0.0203656 69.9766
782 0.0017257 0.0180436 70.0465
783 0.0017929 0.0223138 70.1208
784 0.0017603 0.0201824 70.1929
785 0.0017917 0.0174499 70.2624
786 0.0017059 0.0175196 70.3317
787 0.0017775 0.0206022 70.4043
788 0.0017117 0.0216606 70.478
789 0.0016981 0.0193809 70.5493
790 0.0017835 0.0191789 70.6204
791 0.0016144 0.0215541 70.6938
792 0.0020096 0.0261733 70.7721
793 0.0040361 0.0195873 70.8459
794 0.0015118 0.0205799 70.9182
795 0.0017911 0.0271703 70.9973
796 0.0018515 0.0220785 71.0714
797 0.0014859 0.0186569 71.1417
798 0.0013347 0.0220746 71.2153
799 0.0013722 0.0176644 71.2845
800 0.0012821 0.0265899 71.3626
801 0.0012582 0.0213518 71.4354
802 0.0013393 0.0196857 71.5065
803 0.0011971 0.0212 71.5791
804 0.001182 0.0184427 71.6489
805 0.001212 0.017047 71.7173
806 0.0012372 0.0181513 71.7868
807 0.0016907 0.0193502 71.8581
808 0.0011549 0.0184897 71.9279
809 0.0011475 0.0178095 71.997
810 0.0011013 0.0233173 72.0717
811 0.0010623 0.0191621 72.1421
812 0.001111 0.0182355 72.2117
813 0.0010502 0.0196153 72.2826
814 0.0011085 0.0168411 72.3507
815 0.0010712 0.0165597 72.4186
816 0.0010511 0.0207136 72.4905
817 0.0013116 0.0207738 72.5628
818 0.0009832 0.017343 72.6313
819 0.0009863 0.0185888 72.701
820 0.000959 0.0202325 72.7724
821 0.0009547 0.0188894 72.8424
822 0.00099 0.0216565 72.9152
823 0.0009848 0.0265553 72.9929
824 0.0009397 0.0255165 73.0696
825 0.0009609 0.0256069 73.1463
826 0.0059956 0.0222045 73.2248
827 0.0009832 0.0225056 73.2984
828 0.0008824 0.0177509 73.3672
829 0.0008855 0.0213965 73.4396
830 0.0010732 0.0195317 73.5104
831 0.0009078 0.0184784 73.5799
832 0.0009256 0.020622 73.6517
833 0.0009201 0.0188792 73.7217
834 0.0008714 0.0214281 73.7942
835 0.0008792 0.0178613 73.8631
836 0.0008453 0.0181968 73.9323
837 0.0009244 0.0211617 74.0045
838 0.0008978 0.0214801 74.0771
839 0.0008332 0.0391185 74.1672
840 0.0008261 0.0173794 74.2356
841 0.0008166 0.0205678 74.3071
842 0.0008316 0.0167629 74.3749
843 0.0008319 0.0173817 74.4432
844 0.0008161 0.0172878 74.5115
845 0.0007759 0.0189011 74.5814
846 0.0138182 0.0184877 74.6639
847 0.0008513 0.019082 74.734
848 0.0007925 0.0177556 74.8028
849 0.0008276 0.0168635 74.8707
850 0.0008348 0.0214764 74.9432
851 0.0008166 0.0205302 75.0147
852 0.0007735 0.0184604 75.0842
853 0.0008201 0.0209295 75.1561
854 0.0008172 0.0197449 75.2268
855 0.000755 0.0207688 75.2985
856 0.0007902 0.0219282 75.3714
857 0.00083 0.0236191 75.446
858 0.000787501 0.0202951 75.5173
859 0.0008096 0.0186859 75.587
860 0.0008058 0.0210286 75.659
861 0.0008286 0.0195529 75.7295
862 0.0008218 0.0239655 75.8045
863 0.0008999 0.0223135 75.8779
864 0.000815401 0.024283 75.9532
865 0.0008296 0.0205435 76.0248
866 0.0008669 0.0181076 76.0939
867 0.0008676 0.0202081 76.1652
868 0.0008437 0.0220989 76.2383
869 0.0008699 0.0169427 76.3063
870 0.0009068 0.105374 76.4628
871 0.0008877 0.0414511 76.5556
872 0.0015616 0.0287777 76.6361
873 0.0120237 0.0371933 76.7355
874 0.000939 0.0222066 76.8088
875 0.0010773 0.0242109 76.8843
876 0.0009125 0.021741 76.9571
877 0.0009139 0.0194233 77.0276
878 0.0009155 0.0224741 77.1011
879 0.000903501 0.0161531 77.1684
880 0.0009025 0.0179474 77.2375
881 0.0009158 0.0207874 77.3093
882 0.0009145 0.0178379 77.3783
883 0.000881 0.0195927 77.4489
884 0.0009734 0.0224495 77.5226
885 0.0008371 0.0212621 77.5948
886 0.0008681 0.0211405 77.667
887 0.0008784 0.0183825 77.7365
888 0.0008004 0.0170891 77.8046
889 0.0007926 0.0199175 77.8755
890 0.000783501 0.0176757 77.9442
891 0.000772001 0.0362747 78.0314
892 0.0007107 0.0201389 78.1024
893 0.000717901 0.0260018 78.1793
894 0.000672801 0.0457347 78.2759
895 0.0006477 0.0216867 78.3484
896 0.0006242 0.0308562 78.4301
897 0.0007577 0.0196627 78.501
898 0.0012156 0.0199609 78.5727
899 0.000544301 0.0206188 78.644
900 0.0005927 0.019043 78.7138
901 0.0005797 0.0170353 78.7816
902 0.0005423 0.0415005 78.8739
903 0.0005202 0.0206203 78.9452
904 0.000486301 0.0213221 79.0172
905 0.0012697 0.0320534 79.1007
906 0.0006431 0.0247039 79.1763
907 0.000553901 0.056261 79.2833
908 0.0010142 0.0406585 79.3752
909 0.0006618 0.0381278 79.4642
910 0.0005039 0.0200714 79.5349
911 0.0005688 0.0203119 79.606
912 0.0005012 0.0233196 79.68
913 0.0005102 0.0181206 79.7487
914 0.0004695 0.0196558 79.819
915 0.0006071 0.0234807 79.8933
916 0.000479601 0.0179943 79.962
917 0.000550901 0.0224014 80.035
918 0.000475401 0.0224277 80.1082
919 0.000480601 0.0219909 80.1808
920 0.000513301 0.0237543 80.2552
921 0.0004602 0.0203676 80.3263
922 0.0005379 0.0163096 80.3936
923 0.000507 0.0162633 80.4606
924 0.000582201 0.0164715 80.5279
925 0.0005033 0.0164532 80.5953
926 0.0005153 0.0169143 80.6631
927 0.000503001 0.0161588 80.7299
928 0.0006065 0.0225726 80.8035
929 0.0005377 0.017406 80.8718
930 0.0005082 0.0188978 80.9413
931 0.0004611 0.0161242 81.0081
932 0.000492 0.016723 81.0755
933 0.0004971 0.0164972 81.1428
934 0.0005665 0.0166329 81.2103
935 0.000565001 0.0192125 81.2804
936 0.0004435 0.0164233 81.3476
937 0.0004662 0.016448 81.4149
938 0.0004809 0.0162651 81.482
939 0.0009071 0.0417607 81.575
940 0.000478901 0.0161468 81.642
941 0.000482 0.0171951 81.7099
942 0.0004392 0.0164119 81.7769
943 0.0014804 0.0179414 81.8466
944 0.0006375 0.0190836 81.9165
945 0.0005313 0.021635 81.9888
946 0.0003995 0.0188859 82.0585
947 0.0005584 0.0171633 82.1264
948 0.0003841 0.018216 82.1954
949 0.0004354 0.0208984 82.2669
950 0.0005318 0.0183523 82.3361
951 0.0004011 0.0173632 82.4041
952 0.0003668 0.0162538 82.4711
953 0.0004353 0.0162753 82.5381
954 0.0004225 0.0164313 82.6051
955 0.0004625 0.0201073 82.676
956 0.0004262 0.0299445 82.7566
957 0.0004266 0.0466686 82.8542
958 0.0016405 0.0241505 82.9303
959 0.0004153 0.0490135 83.03
960 0.0004691 0.0837942 83.1645
961 0.0004278 0.0712624 83.2878
962 0.0011021 0.0444751 83.3838
963 0.0004105 0.0298284 83.4644
964 0.0003437 0.0267406 83.5417
965 0.000338 0.0216458 83.614
966 0.0003143 0.0227545 83.6877
967 0.0011749 0.0210764 83.7602
968 0.0005339 0.0230024 83.834
969 0.0013066 0.0250761 83.9106
970 0.0004029 0.0231086 83.9844
971 0.000892701 0.0246914 84.0609
972 0.0004217 0.02233 84.1338
973 0.0012682 0.0272492 84.2126
974 0.000487901 0.02426 84.2876
975 0.000402 0.0240395 84.3622
976 0.000362601 0.0209019 84.4337
977 0.0003199 0.0489035 84.5331
978 0.0017163 0.047349 84.6324
979 0.0003713 0.0644265 84.7474
980 0.000312001 0.0380753 84.8361
981 0.0012934 0.0256707 84.9134
982 0.0062025 0.0267585 84.9965
983 0.0004808 0.0294546 85.0767
984 0.0002762 0.0337404 85.1608
985 0.0002958 0.0267244 85.2386
986 0.000756901 0.0268707 85.3167
987 0.000656 0.0263384 85.3939
988 0.0002649 0.0207282 85.465
989 0.0002754 0.0312081 85.5467
990 0.0002741 0.0427782 85.64
991 0.0002934 0.0392466 85.7297
992 0.0002853 0.0460512 85.8263
993 0.0003012 0.0595255 85.9367
994 0.0014622 0.0422543 86.031
995 0.0003885 0.0425424 86.1244
996 0.0007848 0.0499167 86.2255
997 0.0002948 0.0688009 86.345
998 0.018026 0.164037 86.5773
999 0.000258501 0.0436589 86.6726
1000 0.000316 0.0481398 86.7719
1001 0.0003255 0.0351383 86.8576
1002 0.0002571 0.0421922 86.9505
1003 0.0022317 0.0297133 87.033
1004 0.0032744 0.0356388 87.1221
1005 0.0013062 0.0353832 87.2091
1006 0.0002921 0.028656 87.2882
1007 0.0002957 0.0231758 87.362
1008 0.0002586 0.0213816 87.4338
1009 0.0015815 0.0281621 87.5138
1010 0.000323 0.0307026 87.5951
1011 0.0002623 0.0197724 87.6653
1012 0.000352901 0.0260617 87.7419
1013 0.0002544 0.0238456 87.8162
1014 0.0013591 0.0286747 87.8964
1015 0.0003158 0.0237484 87.9707
1016 0.0002451 0.0212869 88.0424
1017 0.0003013 0.0249427 88.1181
1018 0.0004896 0.0285482 88.1977
1019 0.0003219 0.0312238 88.2795
1020 0.001163 0.0280907 88.3589
1021 0.0002759 0.0204411 88.4298
1022 0.0003169 0.0310684 88.5114
1023 0.0003163 0.0217815 88.5837
1024 0.0014611 0.040496 88.6763
1025 0.000256 0.0200517 88.7469
1026 0.0003285 0.0323069 88.8298
1027 0.0002988 0.0219201 88.9023
1028 0.0003436 0.0275827 88.9805
1029 0.0003612 0.0277045 89.0588
1030 0.0003249 0.0303488 89.1397
1031 0.0003357 0.0343238 89.2246
1032 0.0002637 0.0212885 89.2964
1033 0.0002709 0.0327992 89.3796
1034 0.0003553 0.0319613 89.4621
1035 0.000556 0.025352 89.5383
1036 0.0013834 0.0401657 89.6303
1037 0.0003973 0.0238699 89.7048
1038 0.0003461 0.0257716 89.7811
1039 0.0004402 0.0286979 89.8604
1040 0.0004083 0.0232673 89.9349
1041 0.0008549 0.0264415 90.0127
1042 0.0004076 0.0295744 90.0929
1043 0.000307 0.0276623 90.1711
1044 0.000405001 0.0261286 90.2479
1045 0.0003832 0.0350911 90.334
1046 0.0003896 0.0476134 90.4326
1047 0.0201245 0.0481589 90.5511
1048 0.000298 0.025066 90.6266
1049 0.0002812 0.0227976 90.6999
1050 0.0017204 0.0260657 90.7779
1051 0.0019877 0.0336536 90.8638
1052 0.0002784 0.0245758 90.9388
1053 0.000388401 0.0285833 91.018
1054 0.0038911 0.0379787 91.1101
1055 0.0003812 0.0249317 91.1855
1056 0.0002813 0.0412631 91.2773
1057 0.0002938 0.0199229 91.3478
1058 0.0003675 0.0402926 91.4387
1059 0.0169734 0.0289948 91.5351
1060 0.000295 0.0255696 91.6116
1061 0.0006007 0.0339055 91.6963
1062 0.0002622 0.0215937 91.769
1063 0.0006815 0.0357578 91.8558
1064 0.0002361 0.0178606 91.9241
1065 0.0003042 0.0177669 91.9923
1066 0.0002093 0.020216 92.0629
1067 0.0002199 0.0180507 92.1316
1068 0.0002026 0.0198948 92.2019
1069 0.0002567 0.018231 92.2706
1070 0.0002686 0.0240137 92.345
1071 0.0002776 0.0211867 92.4167
1072 0.0002155 0.0197245 92.4869
1073 0.0002202 0.027453 92.5648
1074 0.0001933 0.0225543 92.6377
1075 0.0002513 0.0203996 92.7087
1076 0.0002084 0.0233311 92.7826
1077 0.0006501 0.0169101 92.8504
1078 0.0002893 0.0209251 92.9218
1079 0.0002708 0.0246953 92.9971
1080 0.0002413 0.021744 93.0694
1081 0.0002434 0.0198186 93.1396
1082 0.0001951 0.0176901 93.2079
1083 0.000204 0.0163669 93.2748
1084 0.0001918 0.034702 93.3599
1085 0.0001736 0.0163195 93.4268
1086 0.0001862 0.020827 93.4979
1087 0.0001707 0.0166758 93.565
1088 0.0001588 0.0202224 93.6357
1089 0.0002098 0.0173394 93.7036
1090 0.000157 0.0162792 93.7703
1091 0.0002848 0.0161616 93.8371
1092 0.000158 0.0162951 93.904
1093 0.0001719 0.0165046 93.9708
1094 0.0001548 0.0165071 94.0377
1095 0.000128 0.0175334 94.1056
1096 0.000149 0.0210705 94.1771
1097 0.0001419 0.0193468 94.2469
1098 0.0001688 0.0201617 94.3174
1099 0.0001367 0.0212485 94.3891
1100 0.0001469 0.018922 94.4585
1101 0.0002152 0.0205502 94.5296
1102 0.0001856 0.0192563 94.5993
1103 0.0113191 0.0219832 94.6828
1104 0.0005098 0.0161315 94.7497
1105 0.0004341 0.0181353 94.8187
1106 0.0001645 0.0165007 94.8857
1107 0.000158 0.0167083 94.9528
1108 0.0001143 0.0166346 95.0199
1109 0.0003113 0.0163605 95.087
1110 0.0001452 0.0177886 95.1551
1111 0.0001576 0.0161326 95.2216
1112 0.0001479 0.0186667 95.2907
1113 0.0001193 0.0166442 95.3577
1114 0.0001421 0.0193405 95.4276
1115 0.0003323 0.0202033 95.4985
1116 0.0001193 0.0193362 95.5683
1117 0.0001156 0.0187979 95.6377
1118 0.0001313 0.0163281 95.7045
1119 0.0001116 0.0160665 95.7709
1120 9.43e-05 0.020299 95.8416
1121 0.0001204 0.0221266 95.9143
1122 0.0001172 0.0237153 95.9883
1123 0.0001108 0.0323414 96.071
1124 0.0001035 0.0191531 96.1404
1125 0.0001136 0.0325952 96.2233
1126 0.0001117 0.023969 96.2976
1127 0.0001109 0.0294097 96.3774
1128 0.0001057 0.0183082 96.4462
1129 0.0002356 0.0176837 96.5144
1130 0.0001593 0.0207428 96.5855
1131 0.0001044 0.0230492 96.6588
1132 0.0001271 0.032649 96.7418
1133 0.0001107 0.0166656 96.8087
1134 0.0001034 0.0178035 96.8772
1135 0.0001305 0.0317035 96.9596
1136 0.0002702 0.0649142 97.0752
1137 0.0001162 0.0224663 97.148
1138 8.91e-05 0.0160262 97.2144
1139 0.0001312 0.0202958 97.2856
1140 0.000185 0.0242958 97.3602
1141 0.0006674 0.0365874 97.449
1142 0.0011546 0.0242173 97.5246
1143 0.0001091 0.0159255 97.591
1144 0.0001362 0.0195748 97.6609
1145 0.0001375 0.0200265 97.7314
1146 0.0002553 0.0333626 97.8153
1147 0.0001875 0.0263959 97.8922
1148 0.0001272 0.0176758 97.9603
1149 0.0002431 0.0228532 98.0336
1150 0.000470901 0.0234768 98.1078
1151 0.0001977 0.0264642 98.1847
1152 9.25e-05 0.0370371 98.2721
1153 9.89e-05 0.021182 98.3436
1154 0.0001184 0.0242714 98.4182
1155 0.0023681 0.0229932 98.4937
1156 0.0001521 0.0227882 98.567
1157 0.0002319 0.0249722 98.6425
1158 0.0001643 0.0206489 98.7136
1159 0.0001338 0.0188039 98.7827
1160 0.0002042 0.031045 98.8642
1161 0.0001056 0.0225461 98.937
1162 9.48e-05 0.0226764 99.0099
1163 0.0001358 0.0238251 99.0842
1164 0.0001237 0.0207174 99.1552
1165 0.000131 0.0178524 99.2236
1166 0.0001554 0.0164436 99.2904
1167 0.000166 0.0165916 99.3573
1168 0.0001198 0.0191182 99.4268
1169 0.0001321 0.0407856 99.5179
1170 0.0001952 0.0699954 99.6384
1171 0.0001154 0.040654 99.7293
1172 0.0001106 0.0203467 99.8
1173 0.0004859 0.023994 99.8749
1174 0.0001194 0.0222223 99.9475
1175 0.0001366 0.0205226 100.018
1176 0.0001487 0.0203312 100.089
1177 0.0001357 0.0397189 100.179
1178 0.0001898 0.0425523 100.272
1179 0.0001691 0.0240889 100.347
1180 0.0003064 0.0335305 100.431
1181 0.0002162 0.0363909 100.518
1182 0.0002262 0.029286 100.598
1183 0.0001378 0.0163708 100.665
1184 9.78e-05 0.0204961 100.736
1185 0.0001154 0.0196765 100.806
1186 0.0001109 0.0168712 100.873
1187 0.0002015 0.0366823 100.96
1188 0.0001064 0.0184831 101.029
1189 0.0001267 0.0191316 101.098
1190 0.0001196 0.0190975 101.168
1191 0.0001305 0.0197061 101.238
1192 0.0001633 0.020174 101.308
1193 0.0001085 0.020702 101.38
1194 0.0001668 0.0196897 101.45
1195 0.0001004 0.0160778 101.516
1196 0.0007356 0.0347663 101.602
1197 0.0001683 0.0161251 101.669
1198 0.0001158 0.0165241 101.735
1199 0.0001138 0.0262479 101.812
