TimeStep Temps_Avancement Temps_Affichage Temps_Simulation
1 0.0002014 0.120624 0.173061
2 0.0001174 0.0239784 0.247435
3 7.31e-05 0.0204349 0.318147
4 0.0001046 0.0216697 0.39024
5 0.0002247 0.0180927 0.458754
6 0.0001531 0.0249885 0.53408
7 0.0001696 0.0191969 0.603808
8 0.0001604 0.0163667 0.670531
9 0.0001977 0.0222011 0.743346
10 0.000677 0.0214665 0.815861
11 0.0001491 0.0227235 0.888932
12 0.000114 0.0156965 0.954866
13 0.0001731 0.0182831 1.02364
14 0.0001936 0.021633 1.09576
15 0.0001999 0.0195003 1.1657
16 0.0002121 0.0189573 1.23506
17 0.0002117 0.018525 1.30418
18 0.0002051 0.0176318 1.37224
19 0.0002015 0.0215679 1.4442
20 0.000188 0.0186116 1.51338
21 0.0001985 0.0182419 1.582
22 0.0001411 0.0174726 1.64998
23 0.0002218 0.0189991 1.71946
24 0.00014 0.0187871 1.78854
25 0.0001529 0.0242886 1.86323
26 0.0001974 0.0214566 1.93502
27 0.0001873 0.0221974 2.00766
28 0.0002902 0.0218597 2.08018
29 0.0002036 0.0164422 2.14718
30 0.0001887 0.016452 2.21398
31 0.0001858 0.0171748 2.28155
32 0.0001862 0.0280722 2.36008
33 0.0002022 0.0219793 2.43258
34 0.0001336 0.0148143 2.49779
35 0.0003013 0.0186064 2.56702
36 0.0004543 0.0369527 2.65475
37 0.000393 0.0319155 2.73736
38 0.0001863 0.0172835 2.80505
39 0.0002951 0.0203296 2.87628
40 0.0010517 0.040887 2.96873
41 0.0001937 0.0385459 3.05773
42 0.0003079 0.0236681 3.13191
43 0.0002535 0.0225073 3.20485
44 0.0002569 0.0196318 3.27493
45 0.0002425 0.0226596 3.34816
46 0.00042 0.0383281 3.43723
47 0.0003129 0.0253735 3.51309
48 0.0002528 0.0742325 3.66375
49 0.0002346 0.0432091 3.75741
50 0.0004365 0.0589223 3.86701
51 0.0001885 0.0432806 3.96107
52 0.000397 0.0320497 4.04425
53 0.0009421 0.0571008 4.15282
54 0.0001979 0.0394031 4.24263
55 0.0003803 0.0633263 4.35655
56 0.0002743 0.0432748 4.45027
57 0.0002241 0.0226527 4.52341
58 0.0001731 0.0222818 4.59618
59 0.0001571 0.0160087 4.66266
60 0.0002842 0.0186461 4.73186
61 0.0002572 0.0212989 4.80363
62 0.0003395 0.0257125 4.87995
63 0.0002393 0.0224481 4.95284
64 0.0002472 0.0217367 5.02502
65 0.0002365 0.0218266 5.09738
66 0.0002222 0.0194749 5.16728
67 0.0002259 0.0205934 5.23844
68 0.0002256 0.0215275 5.31054
69 0.0002813 0.0164644 5.37763
70 0.0002295 0.0169374 5.44495
71 0.0001808 0.0208169 5.51618
72 0.0001949 0.0281808 5.59474
73 0.000245 0.0215641 5.66675
74 0.0002074 0.0160731 5.73319
75 0.0002166 0.0171592 5.8009
76 0.0003047 0.0163719 5.8679
77 0.0002762 0.0202846 5.93862
78 0.0002837 0.0199031 6.00901
79 0.0002566 0.0175632 6.07714
80 0.0007234 0.0377962 6.16606
81 0.000346 0.030535 6.24733
82 0.0002348 0.0156093 6.31352
83 0.0002438 0.0144605 6.3786
84 0.0004306 0.0288403 6.45814
85 0.0007802 0.0302446 6.53955
86 0.0003158 0.0190646 6.60913
87 0.0002713 0.027696 6.68735
88 0.0004423 0.0198408 6.75794
89 0.0004471 0.0142425 6.82299
90 0.0006304 0.0298492 6.90373
91 0.0007462 0.0326338 6.98733
92 0.000493 0.0325886 7.07079
93 0.0007871 0.0260676 7.14793
94 0.0002992 0.0141682 7.21275
95 0.0002722 0.015352 7.27872
96 0.0003145 0.0168903 7.34619
97 0.0004637 0.0161479 7.41314
98 0.0002995 0.0151083 7.47873
99 0.0005891 0.0154869 7.5452
100 0.0003131 0.0144218 7.61023
101 0.0004834 0.016796 7.67784
102 0.0003376 0.0159855 7.7444
103 0.0010264 0.0386335 7.8343
104 0.000559 0.0232041 7.90828
105 0.0004971 0.0190532 7.97824
106 0.0003321 0.0153744 8.04428
107 0.0004244 0.0152711 8.11025
108 0.0003913 0.013491 8.17455
109 0.0004697 0.0151787 8.24045
110 0.0003682 0.0154781 8.30663
111 0.0003841 0.0153447 8.37255
112 0.0003997 0.0154035 8.43875
113 0.0004003 0.0147563 8.50425
114 0.0004946 0.0149627 8.56989
115 0.0004128 0.0162214 8.6369
116 0.0011492 0.038607 8.72686
117 0.0004532 0.0151065 8.79264
118 0.0005438 0.014651 8.85808
119 0.0005682 0.0149053 8.9238
120 0.0004643 0.0146952 8.9892
121 0.0004616 0.0146968 9.0547
122 0.0005522 0.0142752 9.11988
123 0.0005332 0.0154338 9.18619
124 0.0006016 0.0155214 9.25267
125 0.0005696 0.0151879 9.31876
126 0.0015312 0.0405952 9.41114
127 0.0018044 0.0396425 9.50292
128 0.0016762 0.0513633 9.60664
129 0.0006539 0.0151549 9.67279
130 0.0007605 0.0162909 9.74
131 0.0008881 0.018471 9.80969
132 0.0012139 0.0193759 9.88062
133 0.0010583 0.0177147 9.94975
134 0.0011815 0.0185873 10.0197
135 0.0015039 0.0208826 10.0923
136 0.0012038 0.0156456 10.1594
137 0.0010782 0.0159349 10.2267
138 0.0008891 0.0152459 10.293
139 0.0010145 0.0135455 10.3579
140 0.0015754 0.01519 10.4249
141 0.001862 0.0146111 10.4916
142 0.0019369 0.0139893 10.5579
143 0.0021421 0.01408 10.6245
144 0.0021743 0.0145467 10.6915
145 0.004915 0.0301619 10.7769
146 0.0015594 0.0152656 10.8439
147 0.0033757 0.0307825 10.9285
148 0.0016783 0.0151992 10.9956
149 0.0021329 0.0181873 11.0663
150 0.0028464 0.0182905 11.1377
151 0.0017726 0.0332769 11.2231
152 0.0052934 0.0352051 11.314
153 0.0018219 0.0248688 11.3909
154 0.0026324 0.0183664 11.4622
155 0.0035383 0.0338581 11.5499
156 0.004199 0.0333609 11.6378
157 0.0040784 0.0323785 11.7246
158 0.0042914 0.0397326 11.8191
159 0.0016354 0.0144397 11.8856
160 0.0016426 0.0379321 11.9754
161 0.0034044 0.0154216 12.0447
162 0.0018225 0.0156028 12.1124
163 0.0021631 0.0176297 12.1826
164 0.0022185 0.0173281 12.2525
165 0.0052251 0.0342265 12.3422
166 0.0026236 0.0212686 12.4165
167 0.0078474 0.0382898 12.5129
168 0.0019211 0.0154834 12.5807
169 0.0020813 0.0166993 12.6498
170 0.0023669 0.0178292 12.7204
171 0.0025689 0.0166465 12.7899
172 0.0031531 0.0138994 12.8574
173 0.0030075 0.0153933 12.926
174 0.0023624 0.0194876 12.9982
175 0.0020902 0.0155722 13.0661
176 0.0021266 0.0162981 13.1347
177 0.0025174 0.0194456 13.2072
178 0.0041182 0.0199856 13.2816
179 0.0028006 0.0176317 13.3523
180 0.0028763 0.0333392 13.4388
181 0.0066595 0.0438241 13.5396
182 0.0033575 0.0211512 13.6144
183 0.0031064 0.0205872 13.6885
184 0.003115 0.0145293 13.7566
185 0.0067605 0.0335938 13.8473
186 0.0075652 0.0383272 13.9436
187 0.0036764 0.0210694 14.0187
188 0.0045285 0.0217223 14.0952
189 0.0041316 0.0217729 14.1713
190 0.0047962 0.0230043 14.2493
191 0.004799 0.026708 14.3311
192 0.0049342 0.0324835 14.4189
193 0.0036306 0.0197989 14.4925
194 0.0033247 0.0176492 14.5639
195 0.0036362 0.0183716 14.6362
196 0.0037571 0.0186326 14.7088
197 0.0036695 0.0164049 14.7791
198 0.0034274 0.0160731 14.849
199 0.0112607 0.041561 14.9522
200 0.0045452 0.0218049 15.0289
201 0.0044008 0.0215059 15.105
202 0.0043207 0.0153948 15.1749
203 0.0048099 0.0177287 15.2477
204 0.0056813 0.0220792 15.3257
205 0.0045422 0.0165192 15.3969
206 0.0041246 0.0174885 15.4689
207 0.0053017 0.0171589 15.5416
208 0.0055477 0.0167275 15.6143
209 0.0037187 0.0167541 15.6852
210 0.0038109 0.0158242 15.7552
211 0.0042256 0.0146701 15.8245
212 0.0042062 0.0150111 15.8942
213 0.0040875 0.0152186 15.9638
214 0.0039336 0.0148195 16.0327
215 0.0041434 0.015146 16.1023
216 0.0090179 0.0244315 16.1861
217 0.0109772 0.0241592 16.2716
218 0.0045724 0.0178411 16.3444
219 0.0094067 0.0318732 16.4359
220 0.0043552 0.0152809 16.5059
221 0.0053641 0.0159387 16.5776
222 0.0050566 0.0164159 16.6493
223 0.0122252 0.0328725 16.7446
224 0.005721 0.0184952 16.8192
225 0.0155049 0.0244448 16.9095
226 0.0068814 0.0211393 16.9879
227 0.0078853 0.0205556 17.0666
228 0.0058112 0.0154185 17.1382
229 0.0054776 0.0148123 17.2088
230 0.0053383 0.0147268 17.2792
231 0.0054881 0.0150144 17.3501
232 0.0190318 0.0342477 17.4538
233 0.0203166 0.0287619 17.5533
234 0.0089318 0.077952 17.6904
235 0.0108631 0.0157226 17.7672
236 0.00688 0.017271 17.8415
237 0.0071824 0.0191864 17.9181
238 0.0084464 0.0213289 17.998
239 0.0078896 0.0157624 18.0718
240 0.006223 0.0146555 18.143
241 0.0070473 0.0161342 18.2164
242 0.018835 0.0252731 18.3107
243 0.0063409 0.0147843 18.3825
244 0.0213175 0.0250598 18.4794
245 0.0065161 0.0151702 18.5513
246 0.0083944 0.0154419 18.6253
247 0.0069131 0.0150998 18.6975
248 0.0075001 0.0149925 18.7705
249 0.0181274 0.0213689 18.8602
250 0.0188261 0.0352911 18.9647
251 0.011492 0.0221756 19.0487
252 0.0085475 0.0164284 19.1241
253 0.0251828 0.0207868 19.2205
254 0.0107447 0.0196071 19.3012
255 0.008008 0.0146303 19.3741
256 0.0080859 0.0189495 19.4514
257 0.0095417 0.0155491 19.5268
258 0.0100246 0.0169551 19.604
259 0.0084797 0.0150829 19.6779
260 0.008379 0.0152625 19.7519
261 0.0247081 0.0271358 19.8543
262 0.0085705 0.0151757 19.9284
263 0.0084342 0.0147702 20.0018
264 0.0084995 0.0153741 20.0759
265 0.0104519 0.0387005 20.1753
266 0.025585 0.0241101 20.2752
267 0.0185317 0.0186938 20.3628
268 0.0095602 0.0153623 20.4381
269 0.0089843 0.0153173 20.5127
270 0.0130374 0.0182676 20.5943
271 0.0125656 0.0216452 20.679
272 0.0080807 0.0166643 20.7539
273 0.0212369 0.0234786 20.8489
274 0.015232 0.0185566 20.9331
275 0.008623 0.0146509 21.0065
276 0.0090234 0.01749 21.0835
277 0.0088925 0.0144326 21.1571
278 0.0113749 0.0172696 21.2359
279 0.0089171 0.0145322 21.3095
280 0.0088088 0.016587 21.3851
281 0.0190863 0.0315555 21.486
282 0.0091555 0.0148984 21.5604
283 0.0204776 0.0214885 21.6527
284 0.0130589 0.0179039 21.7338
285 0.0102185 0.0150033 21.8094
286 0.0097727 0.0154662 21.8849
287 0.0095296 0.0145813 21.9593
288 0.0086359 0.0194888 22.0377
289 0.0102643 0.0164622 22.1147
290 0.0082784 0.0155982 22.1887
291 0.010234 0.0164808 22.2658
292 0.0153507 0.0269369 22.3584
293 0.0100256 0.0178575 22.4366
294 0.0093932 0.0151928 22.5115
295 0.0092076 0.0156779 22.5867
296 0.0108518 0.0167946 22.6648
297 0.010958 0.0149226 22.741
298 0.0116786 0.015006 22.8179
299 0.0104138 0.0149827 22.8937
300 0.0089884 0.0153728 22.9683
301 0.0095659 0.0147029 23.0429
302 0.0089345 0.0156413 23.1179
303 0.0095339 0.015727 23.1935
304 0.0088163 0.0157315 23.2684
305 0.0096029 0.0145498 23.3428
306 0.0120644 0.0147515 23.4198
307 0.0226646 0.0202895 23.513
308 0.0125897 0.0165455 23.5924
309 0.0092044 0.016522 23.6684
310 0.0265469 0.065147 23.8104
311 0.0102893 0.0154973 23.8865
312 0.0127434 0.018843 23.9683
313 0.0125486 0.0187393 24.0499
314 0.0144229 0.0195982 24.1343
315 0.0104353 0.0146824 24.2097
316 0.0374466 0.0289511 24.3266
317 0.020818 0.0287936 24.4264
318 0.0102314 0.0163614 24.5033
319 0.0106318 0.015065 24.5793
320 0.0233146 0.0417642 24.6947
321 0.0120384 0.0227053 24.7797
322 0.0175174 0.0210384 24.8686
323 0.011081 0.015813 24.9459
324 0.0113179 0.0187642 25.0263
325 0.0111741 0.0158747 25.1037
326 0.0272505 0.0400947 25.2213
327 0.0173514 0.0225634 25.3114
328 0.0163801 0.0154054 25.3935
329 0.015362 0.0195845 25.4786
330 0.0164627 0.0156706 25.561
331 0.0250835 0.0173263 25.6538
332 0.0126536 0.015833 25.7327
333 0.014159 0.0166081 25.8138
334 0.0138163 0.0157966 25.8938
335 0.0231938 0.0276224 25.9949
336 0.0198941 0.0190107 26.0842
337 0.0164091 0.0182589 26.169
338 0.0137495 0.0159331 26.2491
339 0.0145567 0.0155238 26.3294
340 0.0175614 0.0192072 26.4163
341 0.0170585 0.0189983 26.5026
342 0.0180045 0.0185439 26.5894
343 0.0177983 0.0155446 26.6729
344 0.0168518 0.0190676 26.759
345 0.0200971 0.0153773 26.8448
346 0.0145777 0.0156467 26.9252
347 0.0144766 0.0200235 27.0101
348 0.0162713 0.0159511 27.0925
349 0.0355637 0.0185846 27.1973
350 0.0305442 0.0153989 27.2936
351 0.021998 0.0222568 27.3883
352 0.0157796 0.0193694 27.4738
353 0.0245047 0.0160473 27.5645
354 0.0169935 0.0160634 27.6479
355 0.0409614 0.0231701 27.7624
356 0.0156066 0.0173095 27.8457
357 0.0165683 0.0161859 27.9287
358 0.0191012 0.0157002 28.0137
359 0.0180191 0.0157809 28.0978
360 0.0329573 0.0161927 28.1972
361 0.0176037 0.0155415 28.2806
362 0.0170947 0.0170901 28.3648
363 0.0431077 0.0535888 28.5117
364 0.0379806 0.056013 28.6559
365 0.0287413 0.0261729 28.7611
366 0.0206277 0.0197101 28.8516
367 0.0210574 0.0189282 28.9418
368 0.0212156 0.020905 29.0342
369 0.0206961 0.0181047 29.1234
370 0.0220922 0.0182249 29.2141
371 0.0162997 0.016434 29.2971
372 0.0170784 0.0160767 29.3805
373 0.0172509 0.0160304 29.4642
374 0.0260366 0.0318535 29.5722
375 0.0304726 0.0222284 29.6751
376 0.0209989 0.0187957 29.7652
377 0.0209969 0.0192583 29.8558
378 0.0222465 0.0188513 29.9472
379 0.0215482 0.0192765 30.0383
380 0.0179369 0.0164101 30.1232
381 0.0175649 0.0162817 30.2075
382 0.0227112 0.0162544 30.2967
383 0.0197587 0.0171591 30.3841
384 0.0181327 0.0200826 30.4726
385 0.022617 0.0195503 30.5651
386 0.0178909 0.0172402 30.6506
387 0.0214712 0.0241144 30.7463
388 0.0423708 0.0227456 30.8617
389 0.0243521 0.0198706 30.9561
390 0.0205886 0.0203009 31.0473
391 0.0223807 0.0203985 31.1404
392 0.0224283 0.0167948 31.2299
393 0.0179301 0.0164442 31.3146
394 0.0175689 0.0265958 31.4089
395 0.0211013 0.0208558 31.5012
396 0.0188258 0.0172966 31.5876
397 0.0276556 0.0185267 31.684
398 0.0185053 0.017026 31.7696
399 0.0171416 0.0168433 31.8538
400 0.0177322 0.0161946 31.9381
401 0.0176448 0.0157284 32.0218
402 0.0180722 0.0163384 32.1064
403 0.020045 0.0168245 32.1936
404 0.0183077 0.0157275 32.278
405 0.0178598 0.0168821 32.3631
406 0.0182789 0.0159517 32.4477
407 0.0182776 0.0169427 32.5333
408 0.0164391 0.0160657 32.6161
409 0.0169518 0.018732 32.7021
410 0.016621 0.0159607 32.785
411 0.0163756 0.0159154 32.8677
412 0.0188255 0.0168689 32.9537
413 0.0164615 0.0157708 33.0362
414 0.0167266 0.0160417 33.1193
415 0.0176972 0.0159201 33.2033
416 0.0165744 0.0178614 33.2882
417 0.0166865 0.015873 33.371
418 0.0177271 0.0158322 33.4547
419 0.0210706 0.0186322 33.5446
420 0.0165401 0.0164086 33.6279
421 0.01874 0.0166968 33.7137
422 0.0163641 0.0168269 33.7971
423 0.017312 0.0163469 33.8809
424 0.0322479 0.0163868 33.9799
425 0.0339925 0.0267108 34.0909
426 0.0185903 0.0158057 34.1755
427 0.0166886 0.0173651 34.2599
428 0.0180436 0.0160691 34.3443
429 0.0320685 0.0217089 34.4484
430 0.0161582 0.016927 34.5318
431 0.0163592 0.0158484 34.6144
432 0.015464 0.0175039 34.6976
433 0.0396609 0.02235 34.81
434 0.0263698 0.0181372 34.9048
435 0.0144143 0.0162832 34.9859
436 0.0134843 0.0164434 35.0662
437 0.0382157 0.0263509 35.181
438 0.0213505 0.0163469 35.2688
439 0.0157716 0.0155783 35.3504
440 0.014072 0.0164934 35.4313
441 0.0158195 0.016253 35.5135
442 0.0142072 0.0160393 35.5941
443 0.0147258 0.0175414 35.6767
444 0.0127489 0.0165086 35.7561
445 0.0132545 0.0159792 35.8357
446 0.0127555 0.0173547 35.9161
447 0.0160233 0.0161381 35.9987
448 0.013904 0.0213441 36.0841
449 0.0145218 0.0170504 36.1659
450 0.0235863 0.0258512 36.2655
451 0.0271172 0.0385699 36.3814
452 0.0267013 0.0338057 36.4921
453 0.0135607 0.0165997 36.5726
454 0.0123009 0.0161109 36.6512
455 0.028247 0.0228785 36.7525
456 0.0214962 0.0189489 36.8431
457 0.0258023 0.0155948 36.9348
458 0.0210194 0.0248177 37.0308
459 0.0232232 0.0336212 37.1379
460 0.0164262 0.0235082 37.228
461 0.0202236 0.0190629 37.3175
462 0.0198554 0.0335881 37.4211
463 0.0179831 0.0166473 37.5059
464 0.0203896 0.0256648 37.6021
465 0.0160445 0.0207969 37.6891
466 0.0166192 0.0204257 37.7764
467 0.0190228 0.0204234 37.8661
468 0.0142451 0.0169827 37.9476
469 0.0158806 0.0170644 38.0309
470 0.0293037 0.022492 38.1329
471 0.0158259 0.017588 38.2167
472 0.0226577 0.02296 38.3127
473 0.0162775 0.0159933 38.3953
474 0.0151638 0.0167607 38.4776
475 0.0527158 0.0264783 38.607
476 0.0238333 0.0172099 38.6983
477 0.0254095 0.0197712 38.7936
478 0.0229784 0.026253 38.8931
479 0.0393566 0.067167 39.0498
480 0.0836754 0.0493374 39.233
481 0.0267995 0.0238146 39.3338
482 0.0244038 0.0203576 39.4288
483 0.0263668 0.0228158 39.5281
484 0.0272646 0.0210367 39.6266
485 0.0420117 0.0436643 39.7625
486 0.0316056 0.0253111 39.8696
487 0.0341502 0.0301649 39.9841
488 0.0291429 0.0212679 40.0847
489 0.0465751 0.0332915 40.2148
490 0.0306155 0.0340399 40.3297
491 0.0236342 0.0213045 40.4248
492 0.0432587 0.058197 40.5765
493 0.0218403 0.0216207 40.6701
494 0.0311677 0.0189853 40.7705
495 0.0467089 0.0277484 40.8951
496 0.0635758 0.0679187 41.0768
497 0.0206262 0.0172619 41.1648
498 0.0186113 0.0171379 41.2508
499 0.0234906 0.0239451 41.3486
500 0.0221689 0.0184105 41.4395
501 0.0199735 0.0176977 41.5275
502 0.0201192 0.0212854 41.6192
503 0.0209269 0.0412746 41.7318
504 0.0196296 0.017185 41.8188
505 0.0199149 0.0200235 41.9089
506 0.0234446 0.0185317 42.0011
507 0.018035 0.0181088 42.0877
508 0.0183909 0.0173279 42.1737
509 0.0199531 0.0200014 42.2639
510 0.0200133 0.0176151 42.3517
511 0.0189875 0.0203459 42.4412
512 0.0180998 0.0257938 42.5357
513 0.0180423 0.0180487 42.6222
514 0.0178794 0.0197309 42.71
515 0.0230607 0.019241 42.8027
516 0.0181684 0.0185914 42.8899
517 0.0225986 0.017999 42.9807
518 0.0189389 0.0185897 43.0686
519 0.0175915 0.0179093 43.1543
520 0.0256588 0.0184334 43.2488
521 0.018272 0.0179344 43.3352
522 0.0167518 0.0197664 43.4218
523 0.0182512 0.0182696 43.5086
524 0.0207131 0.0178369 43.5974
525 0.0190881 0.0191169 43.6859
526 0.0238619 0.0204728 43.7806
527 0.0139971 0.0148948 43.8599
528 0.0125641 0.0158189 43.9384
529 0.0173829 0.0170615 44.0231
530 0.0180367 0.0266645 44.118
531 0.0135132 0.016001 44.1976
532 0.0203029 0.0156863 44.2839
533 0.0168704 0.0168808 44.368
534 0.0139136 0.0172714 44.4496
535 0.0171364 0.0290146 44.5461
536 0.0136509 0.0156796 44.6257
537 0.0183458 0.0204016 44.7148
538 0.0164474 0.01867 44.8004
539 0.0139968 0.0161858 44.8809
540 0.0139434 0.0152326 44.9604
541 0.0169515 0.0190273 45.0467
542 0.013397 0.0156464 45.1261
543 0.0123814 0.0163532 45.2052
544 0.0128629 0.020014 45.2883
545 0.0146939 0.0162336 45.3694
546 0.0125297 0.0161969 45.4486
547 0.0134425 0.0172247 45.5294
548 0.0152175 0.0161127 45.611
549 0.0156533 0.0191457 45.696
550 0.0155394 0.0157631 45.7778
551 0.0117502 0.0197096 45.8594
552 0.0196146 0.0173078 45.9465
553 0.0146952 0.0160176 46.0275
554 0.0135324 0.015669 46.1069
555 0.0241676 0.0215432 46.2028
556 0.0230694 0.0184459 46.2945
557 0.024577 0.0329971 46.4022
558 0.0164262 0.0156866 46.4845
559 0.0167676 0.0193634 46.5709
560 0.0362637 0.0240549 46.6817
561 0.0153213 0.0168103 46.7642
562 0.0140425 0.0153104 46.8439
563 0.0127157 0.0170493 46.924
564 0.0240849 0.0233688 47.0218
565 0.0278126 0.0194637 47.1195
566 0.0124226 0.0156457 47.198
567 0.0131281 0.0167661 47.278
568 0.0145695 0.0165997 47.3595
569 0.0297947 0.0240663 47.4636
570 0.0171084 0.0162388 47.5471
571 0.0117776 0.0153484 47.6244
572 0.0112615 0.016556 47.7026
573 0.0152705 0.0303999 47.7986
574 0.023 0.0232809 47.895
575 0.0108898 0.0158421 47.9719
576 0.0113665 0.0196139 48.0533
577 0.011968 0.0163038 48.1318
578 0.011594 0.0159465 48.2095
579 0.0110166 0.0158965 48.2868
580 0.0110745 0.015653 48.3637
581 0.0112546 0.0151595 48.4404
582 0.0130591 0.0155564 48.5192
583 0.0104621 0.0161927 48.5962
584 0.0325317 0.0230787 48.7022
585 0.0102672 0.0156848 48.7785
586 0.018801 0.027565 48.875
587 0.0118669 0.027904 48.9651
588 0.0099272 0.0149563 49.0404
589 0.0092559 0.0161948 49.1162
590 0.0108345 0.0205757 49.198
591 0.0083267 0.0158931 49.2726
592 0.0092248 0.0162546 49.3485
593 0.0080312 0.0166607 49.4235
594 0.009469 0.0155849 49.4987
595 0.0245225 0.0338716 49.6075
596 0.0245041 0.0321344 49.7146
597 0.0084023 0.0173951 49.7906
598 0.0071965 0.0155529 49.8635
599 0.007066 0.0301392 49.9511
600 0.007731 0.0160646 50.0253
601 0.0067251 0.0158755 50.0982
602 0.0063808 0.0155068 50.1703
603 0.0097196 0.0216813 50.252
604 0.0103142 0.019004 50.3315
605 0.007107 0.0168802 50.4059
606 0.0073735 0.0167863 50.4803
607 0.0068495 0.0170744 50.5544
608 0.007729 0.0205541 50.6329
609 0.0120063 0.0205107 50.7156
610 0.0078591 0.0177804 50.7914
611 0.0073156 0.0162256 50.8651
612 0.0076737 0.0163708 50.9395
613 0.0073618 0.0158237 51.0129
614 0.0072451 0.0156408 51.0862
615 0.009408 0.0161312 51.1619
616 0.0068101 0.0157288 51.2348
617 0.0181689 0.0236444 51.3269
618 0.0112972 0.024169 51.4125
619 0.0114113 0.0240633 51.4984
620 0.0087687 0.016925 51.5743
621 0.0078994 0.0160818 51.6485
622 0.0072997 0.0161958 51.7222
623 0.0086316 0.0190849 51.8001
624 0.0078148 0.0157731 51.874
625 0.0087779 0.0156974 51.9488
626 0.0167348 0.0191613 52.035
627 0.0195887 0.0254019 52.1304
628 0.0159053 0.0216817 52.2182
629 0.0129668 0.0216739 52.3031
630 0.0107669 0.0179443 52.3819
631 0.0081248 0.0178729 52.4581
632 0.010203 0.0189697 52.5376
633 0.01587 0.0227755 52.6266
634 0.0110838 0.0294406 52.7174
635 0.0107437 0.0181616 52.7967
636 0.0082689 0.0208217 52.8759
637 0.0072098 0.0190283 52.9526
638 0.0077736 0.0155272 53.0261
639 0.0097701 0.0193493 53.1056
640 0.0103777 0.0223226 53.1887
641 0.0100326 0.0164924 53.2656
642 0.0081855 0.0170841 53.3412
643 0.0225779 0.0322796 53.4463
644 0.0104172 0.0222165 53.5291
645 0.007349 0.0156204 53.6023
646 0.0079408 0.0166919 53.6771
647 0.0073732 0.0176719 53.7524
648 0.0088744 0.0197192 53.8311
649 0.008518 0.0160623 53.906
650 0.0101316 0.0192388 53.9858
651 0.0265384 0.0294216 54.0921
652 0.0091188 0.0158969 54.1675
653 0.0254666 0.0304821 54.2738
654 0.011988 0.0203346 54.3565
655 0.0091264 0.0202491 54.4361
656 0.0091186 0.0192049 54.5149
657 0.0065209 0.0168831 54.5887
658 0.0154338 0.0257073 54.6801
659 0.0165211 0.0368693 54.784
660 0.0159482 0.0310501 54.8813
661 0.01955 0.0234325 54.9745
662 0.0082908 0.0167493 55.0499
663 0.0091669 0.0191887 55.1286
664 0.00635 0.0156298 55.2007
665 0.0061054 0.0158298 55.2729
666 0.0078763 0.0155578 55.3465
667 0.0088498 0.0225054 55.4282
668 0.0064609 0.0167949 55.5016
669 0.0063382 0.0162931 55.5745
670 0.0080081 0.0214774 55.6543
671 0.0077324 0.0220923 55.7343
672 0.0079606 0.02735 55.82
673 0.0076649 0.0166587 55.8945
674 0.0077654 0.018418 55.9712
675 0.006732 0.0181673 56.0462
676 0.008112 0.0357198 56.1403
677 0.0131427 0.0181299 56.2218
678 0.0067998 0.0191985 56.298
679 0.0082625 0.027645 56.3841
680 0.0071025 0.038921 56.4803
681 0.0056404 0.0172416 56.5534
682 0.0077792 0.0191332 56.6305
683 0.0060247 0.022078 56.7088
684 0.0062534 0.018842 56.7842
685 0.0058206 0.0194833 56.8597
686 0.0057462 0.0192088 56.935
687 0.0072638 0.0186758 57.0111
688 0.0049417 0.0154583 57.0818
689 0.0047697 0.0159384 57.1528
690 0.0051249 0.014642 57.2228
691 0.0050863 0.0155908 57.2938
692 0.0046086 0.0155648 57.3642
693 0.0050562 0.015661 57.4353
694 0.0052211 0.0180309 57.5089
695 0.0047876 0.0153204 57.5794
696 0.0045166 0.0163545 57.6507
697 0.0060006 0.0155637 57.7226
698 0.0134947 0.0336141 57.8201
699 0.0074569 0.0212932 57.899
700 0.0042952 0.0162731 57.9699
701 0.0110738 0.0321511 58.0634
702 0.0071269 0.0252668 58.1461
703 0.0041246 0.0163486 58.2169
704 0.0041639 0.0190469 58.2905
705 0.0052886 0.0148825 58.3609
706 0.0040957 0.0154509 58.4306
707 0.0044608 0.0155055 58.5008
708 0.0038944 0.0154846 58.5703
709 0.0049048 0.0146946 58.6402
710 0.0120658 0.0285515 58.7311
711 0.005444 0.0164511 58.8034
712 0.0043535 0.0149893 58.8731
713 0.0095832 0.0277046 58.9606
714 0.0052209 0.0205354 59.0366
715 0.0098143 0.0344361 59.1312
716 0.0085126 0.0346377 59.2246
717 0.0037803 0.0319535 59.3106
718 0.0101534 0.0338123 59.4049
719 0.0055968 0.020335 59.481
720 0.0097416 0.0286125 59.5697
721 0.0063053 0.021236 59.6475
722 0.0050166 0.0166509 59.7193
723 0.0052906 0.0226929 59.7975
724 0.0034956 0.0152902 59.8666
725 0.0053116 0.0190867 59.9412
726 0.0046315 0.0223532 60.0186
727 0.0038799 0.0260753 60.0989
728 0.0041957 0.0208067 60.1742
729 0.0046619 0.0176732 60.2468
730 0.0051682 0.0374749 60.3397
731 0.0065761 0.022457 60.419
732 0.0047342 0.0252526 60.4992
733 0.004135 0.0211595 60.5748
734 0.0053741 0.0209239 60.6513
735 0.0042571 0.0239131 60.7297
736 0.0051974 0.0266113 60.8118
737 0.0035061 0.0204107 60.8859
738 0.0031161 0.0176129 60.9568
739 0.0048808 0.0214994 61.0334
740 0.005112 0.031975 61.1208
741 0.0033471 0.0220151 61.1965
742 0.0037549 0.0205781 61.271
743 0.0034837 0.0514478 61.3768
744 0.0044582 0.022656 61.4543
745 0.0036794 0.0207875 61.529
746 0.0030171 0.0200142 61.6025
747 0.0026927 0.0203243 61.6756
748 0.0048309 0.0220646 61.753
749 0.0026624 0.0203362 61.8262
750 0.0025828 0.0196297 61.8987
751 0.0027883 0.0230083 61.9747
752 0.0027356 0.0160437 62.0437
753 0.002057 0.0166962 62.1127
754 0.0037842 0.0279537 62.1947
755 0.0028288 0.0316351 62.2794
756 0.0027788 0.0203972 62.3527
757 0.0030484 0.0200792 62.4262
758 0.0024135 0.0196431 62.4986
759 0.0025184 0.0191544 62.5705
760 0.00282 0.0302878 62.6542
761 0.0020665 0.0162588 62.7226
762 0.0029045 0.0212854 62.797
763 0.0022359 0.0179817 62.8676
764 0.0023825 0.0197611 62.9399
765 0.0039189 0.0235289 63.0177
766 0.0019173 0.0158349 63.0858
767 0.0023414 0.0192867 63.1576
768 0.0034595 0.0226553 63.234
769 0.0030518 0.0246828 63.3121
770 0.0022932 0.0191396 63.3839
771 0.0020157 0.0188411 63.4551
772 0.0020237 0.0182919 63.5257
773 0.0019779 0.0214478 63.5994
774 0.0028215 0.0202651 63.6728
775 0.0050442 0.0453368 63.7733
776 0.0032661 0.016845 63.8437
777 0.0021179 0.0191315 63.9153
778 0.0027008 0.0195346 63.9879
779 0.0020513 0.0242558 64.0645
780 0.0021651 0.0189058 64.1361
781 0.0076186 0.0479935 64.2419
782 0.0018433 0.0197737 64.3139
783 0.0017693 0.0164867 64.3823
784 0.0015294 0.0155782 64.4498
785 0.0019842 0.0179264 64.5198
786 0.001741 0.0163481 64.5883
787 0.0017217 0.0159326 64.6563
788 0.0020641 0.0158346 64.7243
789 0.0017609 0.0156333 64.7921
790 0.0016823 0.0157365 64.8598
791 0.0015364 0.0249629 64.9365
792 0.0024369 0.0589046 65.048
793 0.0023827 0.0408673 65.1415
794 0.001642 0.0189083 65.2125
795 0.0017846 0.0230273 65.2874
796 0.0016182 0.0195584 65.3588
797 0.0023049 0.0265211 65.4379
798 0.0015744 0.0205668 65.5102
799 0.0017419 0.0193882 65.5816
800 0.0019335 0.0313409 65.6651
801 0.0011315 0.0167175 65.7332
802 0.0012774 0.0180863 65.8029
803 0.0014721 0.0198343 65.8744
804 0.0018737 0.0283475 65.9549
805 0.0017277 0.0269632 66.0338
806 0.0017663 0.0225568 66.1084
807 0.0014059 0.0188427 66.179
808 0.0010908 0.0162918 66.2467
809 0.0014896 0.0318349 66.3302
810 0.0014612 0.0213203 66.4032
811 0.0011814 0.0189044 66.4736
812 0.001723 0.0189031 66.5444
813 0.0012016 0.0203093 66.6161
814 0.0011746 0.0183728 66.6861
815 0.0009401 0.0158751 66.7532
816 0.0010924 0.0280959 66.8328
817 0.0013098 0.0307773 66.9152
818 0.0012874 0.0242992 66.991
819 0.001635 0.023003 67.0659
820 0.001013 0.0238243 67.141
821 0.0019968 0.0347887 67.228
822 0.0009727 0.0229953 67.3022
823 0.0010881 0.0206114 67.3741
824 0.0019352 0.0221498 67.4484
825 0.0007694 0.0164768 67.516
826 0.0010291 0.0187747 67.5861
827 0.0010642 0.0199828 67.6574
828 0.0017181 0.0211481 67.7305
829 0.0014079 0.0261378 67.8083
830 0.0017304 0.0220788 67.8824
831 0.0024142 0.0332297 67.9683
832 0.0009235 0.029832 68.0493
833 0.0009557 0.0255165 68.1261
834 0.0010097 0.0387822 68.2162
835 0.0007165 0.0220424 68.2891
836 0.0007669 0.0216024 68.3616
837 0.0010015 0.0275986 68.4404
838 0.0012384 0.019146 68.511
839 0.0013107 0.019048 68.5815
840 0.0009652 0.0246844 68.6574
841 0.0014989 0.022134 68.7314
842 0.000932 0.0171285 68.7997
843 0.0009922 0.020061 68.871
844 0.0012678 0.0203315 68.9429
845 0.0010103 0.0191131 69.0134
846 0.0009089 0.0196605 69.0843
847 0.001003 0.0192898 69.1549
848 0.0009055 0.018494 69.2245
849 0.000865101 0.0194764 69.2951
850 0.002052 0.0334823 69.3809
851 0.0021837 0.0504284 69.4838
852 0.001035 0.0208739 69.556
853 0.0010817 0.0202413 69.6276
854 0.0010725 0.0210883 69.7
855 0.0011347 0.0199234 69.7713
856 0.0012797 0.0198164 69.8428
857 0.0010324 0.0201878 69.9142
858 0.0010515 0.022236 69.9878
859 0.0010227 0.0207437 70.0598
860 0.0009102 0.0201466 70.1311
861 0.001429 0.0201846 70.203
862 0.001063 0.0202295 70.2745
863 0.0009578 0.0233944 70.3492
864 0.0010648 0.0238594 70.4244
865 0.0009622 0.0204489 70.496
866 0.0011688 0.0152595 70.5628
867 0.000874 0.0154994 70.6295
868 0.0013206 0.0229946 70.7041
869 0.0008488 0.0155517 70.7707
870 0.0010723 0.0156097 70.8378
871 0.0008621 0.0162566 70.9051
872 0.0008256 0.0154349 70.9716
873 0.0016124 0.0291552 71.0526
874 0.0014936 0.0288833 71.1333
875 0.0016616 0.0310433 71.2162
876 0.0009796 0.0196014 71.2871
877 0.0010483 0.021987 71.3605
878 0.0009635 0.019478 71.4312
879 0.0031491 0.0536973 71.5384
880 0.0013297 0.0282358 71.6183
881 0.0014886 0.0294296 71.6994
882 0.00087 0.0187108 71.7693
883 0.0013416 0.0296023 71.8506
884 0.0011348 0.0161092 71.918
885 0.0007233 0.0155248 71.9845
886 0.0014197 0.0285895 72.0649
887 0.0007692 0.0236365 72.1396
888 0.0019618 0.0293587 72.2212
889 0.0015118 0.0304262 72.3035
890 0.0015355 0.0322405 72.3875
891 0.000676 0.020887 72.4593
892 0.0007443 0.0155309 72.5259
893 0.000664 0.0190843 72.5959
894 0.0019113 0.038422 72.6866
895 0.001166 0.0358731 72.7741
896 0.0007156 0.02116 72.8462
897 0.0009237 0.016853 72.9143
898 0.0010694 0.0317331 72.9974
899 0.000636 0.0211053 73.0695
900 0.0005596 0.0191313 73.1395
901 0.0010981 0.0190574 73.2099
902 0.000609 0.0155532 73.2764
903 0.0004839 0.015457 73.3427
904 0.001146 0.0310965 73.4252
905 0.0010165 0.0363722 73.513
906 0.0007554 0.0249328 73.5888
907 0.0007811 0.0268773 73.6667
908 0.0005132 0.0208916 73.7383
909 0.0004662 0.0188233 73.8078
910 0.0004166 0.0170258 73.8756
911 0.0004478 0.0167451 73.9432
912 0.0010492 0.0324863 74.027
913 0.0006449 0.0256283 74.1037
914 0.0004388 0.0150869 74.1696
915 0.0004228 0.0151884 74.2356
916 0.0004712 0.0173805 74.3039
917 0.0004823 0.0151418 74.3698
918 0.0005548 0.0197383 74.4405
919 0.0011931 0.0346797 74.5267
920 0.000526 0.022382 74.5999
921 0.0005631 0.0234326 74.6742
922 0.0004727 0.0161645 74.7411
923 0.0003137 0.0318992 74.8236
924 0.0013397 0.0332241 74.9086
925 0.0008828 0.0473672 75.0072
926 0.0007039 0.0199965 75.0781
927 0.0004391 0.019185 75.1481
928 0.00048 0.0206563 75.2195
929 0.0005465 0.0373189 75.3076
930 0.0003828 0.0160288 75.3742
931 0.0003901 0.0149952 75.4398
932 0.0006923 0.0152381 75.506
933 0.0004316 0.0151074 75.5717
934 0.0003164 0.015124 75.6373
935 0.0002875 0.0182332 75.7062
936 0.0007195 0.0152067 75.7725
937 0.0003489 0.0152552 75.8383
938 0.0003463 0.0153393 75.9042
939 0.0003502 0.0156303 75.9704
940 0.0004953 0.0155935 76.0369
941 0.0003313 0.0155251 76.1032
942 0.0003499 0.0154215 76.1692
943 0.0007226 0.0263409 76.2467
944 0.0007044 0.0340647 76.3317
945 0.0006023 0.0337784 76.4163
946 0.0003241 0.0322234 76.4991
947 0.0011621 0.0357454 76.5865
948 0.000319 0.0163727 76.6535
949 0.0003266 0.0159156 76.7202
950 0.0003275 0.0322188 76.803
951 0.0005632 0.034362 76.8883
952 0.0003044 0.0177179 76.9567
953 0.0008205 0.0294298 77.0372
954 0.0004853 0.0305646 77.1186
955 0.0005223 0.0269228 77.1964
956 0.0003246 0.0168603 77.264
957 0.000313 0.0157043 77.3302
958 0.000389 0.0157778 77.3967
959 0.0002736 0.0156586 77.463
960 0.0002676 0.0287873 77.5423
961 0.0003268 0.0207475 77.6137
962 0.0003361 0.0216003 77.686
963 0.0003361 0.0209145 77.7575
964 0.0003723 0.0213357 77.8295
965 0.0003134 0.0386077 77.9187
966 0.0003121 0.0398654 78.0092
967 0.00033 0.0396959 78.0995
968 0.0002823 0.0204391 78.1707
969 0.0003396 0.0207152 78.242
970 0.0003923 0.0214706 78.3141
971 0.0004595 0.0205962 78.3855
972 0.000253 0.0170012 78.4531
973 0.0002448 0.0289018 78.5325
974 0.0003798 0.0260528 78.6092
975 0.0003003 0.0159313 78.6757
976 0.000579 0.0331916 78.7598
977 0.0002691 0.0227246 78.8329
978 0.0002435 0.0152004 78.8988
979 0.0002282 0.0155253 78.9647
980 0.0002381 0.0150002 79.0304
981 0.0002947 0.0155065 79.0966
982 0.0002196 0.0157204 79.1629
983 0.0002426 0.0151591 79.2286
984 0.0002175 0.015476 79.2944
985 0.0001545 0.0198702 79.3647
986 0.0002552 0.015543 79.4309
987 0.0002616 0.0169976 79.4985
988 0.0002602 0.0170774 79.566
989 0.0001866 0.0367228 79.6532
990 0.0003234 0.0226123 79.7265
991 0.0002874 0.0219098 79.799
992 0.0002619 0.0262508 79.8759
993 0.0003198 0.0219895 79.9485
994 0.0003019 0.0217524 80.0208
995 0.0002552 0.022439 80.0937
996 0.00029 0.0217885 80.166
997 0.0002804 0.0218409 80.2385
998 0.0002692 0.0274596 80.3166
999 0.0002056 0.0160296 80.3832
1000 0.0002256 0.0155108 80.4491
1001 0.0002648 0.0221033 80.5217
1002 0.0002045 0.0230606 80.5953
1003 0.0003675 0.0322731 80.6782
1004 0.0003256 0.0320392 80.7609
1005 0.0003734 0.0322673 80.844
1006 0.0002233 0.0161173 80.9107
1007 0.0004549 0.0577199 81.0193
1008 0.0002734 0.0211206 81.0911
1009 0.0002464 0.0273156 81.1688
1010 0.0001262 0.0167903 81.236
1011 0.0002137 0.0199035 81.3064
1012 0.0001992 0.0275188 81.3844
1013 0.0002046 0.0328409 81.4677
1014 0.0001819 0.0214225 81.5397
1015 0.0001543 0.0250759 81.6153
1016 0.0004373 0.0229059 81.6888
1017 0.0001994 0.018756 81.758
1018 0.000932 0.0196596 81.829
1019 0.0002665 0.0175189 81.8972
1020 0.000181 0.0165545 81.9643
1021 0.0001794 0.0533682 82.068
1022 0.0001585 0.0292199 82.1477
1023 0.0002003 0.0190617 82.2171
1024 0.0002152 0.0240559 82.2917
1025 0.0001772 0.0191487 82.3613
1026 0.0002036 0.0198625 82.4316
1027 0.0003659 0.029594 82.5119
1028 0.0003422 0.0348797 82.5976
1029 0.0002006 0.0316993 82.6798
1030 0.0006603 0.0341868 82.765
1031 0.0002101 0.0167431 82.8321
1032 0.0001834 0.0151933 82.8977
1033 0.0002446 0.0332243 82.9815
1034 0.0002481 0.0173201 83.0492
1035 0.0002916 0.0217294 83.1215
1036 0.0003835 0.0216245 83.1939
1037 0.0002632 0.0206121 83.265
1038 0.0002943 0.015436 83.3309
1039 0.0003567 0.0157397 83.3973
1040 0.0005098 0.0363504 83.4844
1041 0.0002325 0.0291224 83.5639
1042 0.0002682 0.0157023 83.6302
1043 0.0003792 0.0197786 83.7006
1044 0.0002325 0.0211215 83.7722
1045 0.0003198 0.0209913 83.8437
1046 0.0002711 0.0190936 83.9134
1047 0.0002552 0.0202191 83.984
1048 0.0002071 0.0222095 84.0567
1049 0.0002704 0.0368222 84.144
1050 0.0002455 0.028932 84.2286
1051 0.0002788 0.0682975 84.3474
1052 0.0002389 0.0228486 84.4207
1053 0.0001944 0.0524424 84.5235
1054 0.0001758 0.060511 84.6348
1055 0.0001579 0.0246274 84.7098
1056 0.000154 0.0227282 84.7829
1057 0.0002016 0.0206969 84.854
1058 0.0002167 0.0210652 84.9257
1059 0.000269 0.0198427 84.9961
1060 0.0002201 0.0415475 85.0882
1061 0.0002645 0.0203897 85.1592
1062 0.0002249 0.0208913 85.2306
1063 0.0005213 0.0469544 85.3284
1064 0.0001942 0.0164311 85.3954
1065 0.0001865 0.0182915 85.4641
1066 0.0002129 0.0179528 85.5324
1067 0.0001996 0.0175833 85.6006
1068 0.0002641 0.018643 85.6698
1069 0.0001802 0.0180089 85.7383
1070 0.0003603 0.0432036 85.8321
1071 0.0001809 0.0162316 85.8989
1072 0.0002045 0.0153801 85.9649
1073 0.0001672 0.016535 86.0318
1074 0.0001552 0.0162551 86.0984
1075 0.0001194 0.0226615 86.1714
1076 0.0001762 0.0440164 86.2658
1077 0.0001613 0.0301478 87.004
1078 0.0001853 0.0249243 87.0793
1079 0.0001482 0.0258339 87.1555
1080 0.000137 0.0166594 87.2224
1081 0.0001175 0.022472 87.2952
1082 0.0001385 0.0191675 87.3647
1083 9.89e-05 0.0223539 87.4375
1084 0.0001381 0.0149644 87.5031
1085 0.0002071 0.0166556 87.5702
1086 0.0001784 0.027488 87.6482
1087 0.000241 0.0367223 87.7355
1088 0.0002853 0.0403581 87.8267
1089 0.0001585 0.0208539 87.898
1090 0.0001367 0.0186706 87.9672
1091 0.0001561 0.0154532 88.0332
1092 0.0001417 0.0178514 88.1015
1093 0.0001517 0.018244 88.1702
1094 0.0001911 0.0183641 88.239
1095 0.0001249 0.0163771 88.3059
1096 0.0001209 0.0151889 88.3714
1097 0.0001072 0.0158817 88.4377
1098 0.0001358 0.0159927 88.5043
1099 0.0001425 0.0155878 88.5703
1100 0.000154 0.0156786 88.6364
1101 6.74e-05 0.0160115 88.7027
1102 8.8e-05 0.0167349 88.7697
1103 0.0001176 0.0155536 88.8358
1104 0.0001375 0.0286709 88.9149
1105 0.0002157 0.0344233 88.9999
1106 0.0002861 0.0474741 89.0979
1107 0.0001267 0.015434 89.1637
1108 0.000132 0.0280155 89.242
1109 0.0001318 0.0203619 89.3128
1110 0.0002317 0.0420302 89.4054
1111 0.0001633 0.0456217 89.5014
1112 6.06e-05 0.0247022 89.5764
1113 6.03e-05 0.0153036 89.642
1114 7.47e-05 0.0219759 89.7143
1115 0.0001331 0.0189906 89.7838
1116 6.37e-05 0.0162515 89.8504
1117 0.0001391 0.0203579 89.9212
1118 0.0001682 0.0305527 90.0022
1119 0.0001127 0.0238197 90.0764
1120 0.0001999 0.0340558 90.161
1121 6.54e-05 0.0196983 90.231
1122 0.0001203 0.0191147 90.3004
1123 7.61e-05 0.0168734 90.3675
1124 5.65e-05 0.0170865 90.4349
1125 9.99e-05 0.0233741 90.5087
1126 0.0001255 0.0233755 90.5826
1127 0.0001936 0.0349211 90.668
1128 0.0001272 0.0357234 90.7542
1129 0.000228 0.0413567 90.8462
1130 0.0001345 0.0236266 90.9202
1131 0.0001405 0.0241018 90.9948
1132 0.0001187 0.026499 91.0718
1133 0.0002087 0.0358181 91.1582
1134 0.0002047 0.0350977 91.2438
1135 8.08e-05 0.0228512 91.3169
1136 6.54e-05 0.0183232 91.3857
1137 0.0001096 0.0154356 91.4514
1138 0.0001131 0.0160713 91.518
1139 0.0001129 0.016247 91.5847
1140 7.5e-05 0.0160862 91.6512
1141 8.32e-05 0.0162731 91.7179
1142 0.0001086 0.0169005 91.7852
1143 0.0001301 0.0165191 91.8523
1144 6.78e-05 0.0149925 91.9177
1145 0.0001028 0.0155324 91.9838
1146 0.0001194 0.0155523 92.0497
1147 0.0001131 0.0157416 92.1159
1148 0.0001095 0.0152425 92.1816
1149 0.0001163 0.0167175 92.2488
1150 0.0001115 0.0156817 92.315
1151 8.49e-05 0.0150764 92.3803
1152 0.0001517 0.0204448 92.4513
1153 9.52e-05 0.015998 92.5177
1154 0.0001332 0.0176662 92.5859
1155 0.0001117 0.0163952 92.6526
1156 0.0001236 0.0158279 92.7189
1157 0.0001194 0.0151714 92.7845
1158 0.0001237 0.015375 92.8502
1159 7.05e-05 0.0173894 92.9181
1160 0.0001328 0.0156015 92.9841
1161 0.0001303 0.0159765 93.0505
1162 0.0002016 0.0318502 93.1329
1163 0.0002363 0.0377149 93.2212
1164 0.0001543 0.0387839 93.3104
1165 0.0001067 0.0364866 93.3973
1166 0.0001073 0.0332989 93.4809
1167 0.0001064 0.021984 93.5533
1168 0.0003234 0.0427831 93.6468
1169 0.0001099 0.0193668 93.7165
1170 6.93e-05 0.0214662 93.7882
1171 0.0001149 0.0155191 93.854
1172 0.0001186 0.0161663 93.9205
1173 0.0002337 0.0327887 94.0039
1174 0.0001621 0.0248345 94.0792
1175 0.0002502 0.0413298 94.1712
1176 0.0001881 0.0419641 94.2638
1177 0.0001116 0.0161136 94.3304
1178 0.000159 0.0169231 94.3976
1179 7.21e-05 0.0173026 94.4654
1180 0.0001065 0.0160294 94.5319
1181 0.0001135 0.0253613 94.6076
1182 0.0001439 0.0426107 94.7006
1183 0.000125 0.0208909 94.7719
1184 0.0001106 0.0312092 94.8537
1185 0.0001213 0.0163028 94.9205
1186 0.0001587 0.0156362 94.9866
1187 0.0001287 0.015235 95.0524
1188 0.0001182 0.0155159 95.1184
1189 0.0002321 0.0429923 95.2119
1190 0.0002195 0.0430866 95.3056
1191 0.0001343 0.020609 95.3766
1192 0.000117799 0.0151883 95.4422
1193 0.000239 0.0333752 95.5261
1194 0.0001322 0.0299687 95.6065
1195 0.0002124 0.0385281 95.6957
1196 0.0001037 0.0155151 95.7616
1197 0.0001115 0.0154531 95.8273
1198 4.25e-05 0.0174888 95.895
1199 0.0001032 0.0150278 95.9603
1200 0.000110199 0.0151499 96.0259
1201 0.0001684 0.0230242 96.0995
