TimeStep Temps_Avancement Temps_Affichage Temps_Simulation
1 1.45e-05 0.038115 0.0886109
2 8e-06 0.0754037 0.215201
3 1.67e-05 0.0259937 0.291401
4 1.84e-05 0.0182732 0.359851
5 2.3e-05 0.0195949 0.429907
6 5.05e-05 0.0358803 0.516062
7 4.54e-05 0.0217825 0.588084
8 4.1e-05 0.0178852 0.656225
9 5.15e-05 0.0161341 0.722591
10 6.16e-05 0.0259736 0.798891
11 6.79e-05 0.0220692 0.87119
12 4.95e-05 0.0179635 0.9394
13 6.98e-05 0.0187986 1.0086
14 8.41e-05 0.0177067 1.07656
15 0.0001052 0.0192017 1.14621
16 0.0003489 0.0518482 1.24877
17 8.14e-05 0.0157889 1.31478
18 0.0001165 0.0170568 1.38211
19 0.0001004 0.0159318 1.44835
20 0.0001101 0.0167481 1.51542
21 0.0001386 0.0181898 1.58397
22 0.0001545 0.0196724 1.65398
23 0.0001342 0.0155318 1.72004
24 0.0001371 0.0155685 1.78596
25 0.0001969 0.0143507 1.85082
26 0.0001773 0.015151 1.91644
27 0.0002321 0.0146418 1.98167
28 0.0002231 0.0147899 2.04688
29 0.0002613 0.0145136 2.11193
30 0.0002377 0.0166939 2.17902
31 0.0002041 0.0247659 2.2543
32 0.0007262 0.0386357 2.34405
33 0.0002374 0.0141492 2.40882
34 0.0002751 0.013932 2.4734
35 0.0002831 0.0163579 2.54033
36 0.0003414 0.0233502 2.6144
37 0.0002843 0.0137398 2.67864
38 0.000301101 0.0138116 2.74291
39 0.0003306 0.0133627 2.80675
40 0.0003361 0.0143366 2.87177
41 0.0003585 0.0152725 2.93779
42 0.0003595 0.0136038 3.00192
43 0.0004152 0.0149675 3.06766
44 0.0004798 0.0151457 3.13365
45 0.0004228 0.013991 3.19832
46 0.0004408 0.0279227 3.27697
47 0.0009596 0.023554 3.35165
48 0.0005642 0.0357149 3.43819
49 0.0017966 0.0435149 3.5339
50 0.0009685 0.0182733 3.60348
51 0.0007808 0.0186472 3.67318
52 0.0008184 0.019189 3.74341
53 0.0009015 0.0366064 3.83117
54 0.0022375 0.0296512 3.91332
55 0.0013824 0.0276439 3.99275
56 0.0027565 0.0332992 4.07904
57 0.0012298 0.0212624 4.15188
58 0.0009524 0.0154079 4.21844
59 0.001023 0.028334 4.29809
60 0.0031842 0.0336298 4.38535
61 0.003653 0.0348505 4.4741
62 0.002048 0.0300993 4.55656
63 0.0019831 0.0273369 4.63629
64 0.0036439 0.0488268 4.73922
65 0.0014929 0.0195265 4.81055
66 0.0012772 0.0165903 4.87867
67 0.00151 0.0192873 4.94969
68 0.0016302 0.0217477 5.0232
69 0.0010856 0.0171291 5.09165
70 0.0013448 0.0161351 5.15952
71 0.0018154 0.013795 5.22546
72 0.0013895 0.0140807 5.29124
73 0.0013895 0.0164416 5.35942
74 0.0016978 0.0368049 5.44823
75 0.0023045 0.0199593 5.52087
76 0.0012813 0.0137627 5.58646
77 0.0045162 0.0340876 5.6756
78 0.0054426 0.0415603 5.77296
79 0.0062247 0.0411096 5.87065
80 0.0022298 0.0374957 5.96054
81 0.0014498 0.0135681 6.02602
82 0.0016177 0.0142486 6.09223
83 0.0019069 0.0165179 6.16083
84 0.0018519 0.0163649 6.22944
85 0.0020416 0.0171005 6.29877
86 0.0016744 0.0137935 6.36458
87 0.0016569 0.0141335 6.43074
88 0.0017022 0.0186221 6.50144
89 0.0017647 0.0139317 6.56762
90 0.0048168 0.0304151 6.65325
91 0.0019374 0.0357311 6.74107
92 0.0025646 0.0198477 6.81384
93 0.007745 0.0298486 6.90179
94 0.0034806 0.0220219 6.97768
95 0.0021086 0.0139985 7.04409
96 0.0028346 0.0349721 7.13238
97 0.0021843 0.0258096 7.21072
98 0.0025043 0.0155132 7.27895
99 0.0028145 0.0316644 7.36382
100 0.003887 0.035422 7.45345
101 0.0090246 0.0456027 7.55845
102 0.0036116 0.0189436 7.63137
103 0.0026061 0.0151779 7.69944
104 0.0026437 0.0142413 7.76648
105 0.0026668 0.0146046 7.83391
106 0.0053904 0.0388027 7.92828
107 0.0037669 0.0367565 8.01897
108 0.0043231 0.0174524 8.09096
109 0.0043529 0.0178809 8.16357
110 0.0099662 0.0275269 8.25141
111 0.0104624 0.0283047 8.34058
112 0.0049078 0.0196231 8.41536
113 0.0053623 0.036307 8.50727
114 0.0098444 0.0367371 8.6042
115 0.0050356 0.0236661 8.68311
116 0.0055861 0.0209899 8.75991
117 0.003425 0.0156119 8.82915
118 0.0035272 0.0150177 8.89789
119 0.0051045 0.0148031 8.96816
120 0.0037224 0.0146272 9.03677
121 0.0037779 0.0140774 9.10497
122 0.004232 0.0148426 9.17427
123 0.0041125 0.0169062 9.24568
124 0.0041883 0.0149353 9.31522
125 0.015788 0.0378638 9.41939
126 0.0044968 0.0152629 9.4895
127 0.0042527 0.0150875 9.55917
128 0.0136961 0.0404391 9.66386
129 0.0075616 0.0215893 9.74319
130 0.0042769 0.0370295 9.83469
131 0.0079844 0.024149 9.91712
132 0.0075125 0.0178529 9.99272
133 0.0053606 0.015108 10.0635
134 0.0046545 0.0152887 10.1337
135 0.0051045 0.0150598 10.2042
136 0.0111596 0.0305193 10.2962
137 0.0106544 0.0229232 10.3801
138 0.0062295 0.0185751 10.4552
139 0.0069203 0.0189254 10.5314
140 0.0047435 0.0146827 10.6011
141 0.004951 0.0145935 10.671
142 0.005094 0.0149354 10.7413
143 0.0052862 0.0157156 10.8126
144 0.0058005 0.0159775 10.8847
145 0.0097953 0.0320196 10.9768
146 0.0083193 0.0226419 11.0581
147 0.0192655 0.0303485 11.158
148 0.0065582 0.0159474 11.2309
149 0.0053991 0.015313 11.302
150 0.007087 0.051343 11.4108
151 0.0087872 0.0219939 11.4919
152 0.0131994 0.0235148 11.579
153 0.0058989 0.0156546 11.6508
154 0.0068424 0.0162002 11.7242
155 0.011091 0.0297589 11.8154
156 0.0085755 0.0198794 11.8942
157 0.0069333 0.0151381 11.9664
158 0.0175383 0.0279032 12.0622
159 0.0102648 0.0214807 12.1443
160 0.0069515 0.0191901 12.2207
161 0.0176531 0.0334066 12.3221
162 0.00848 0.0206195 12.4016
163 0.0076499 0.0155868 12.4752
164 0.008923 0.016911 12.5514
165 0.0072092 0.0152619 12.6241
166 0.0074226 0.015643 12.6974
167 0.0107075 0.0157826 12.7742
168 0.0079924 0.0148548 12.8472
169 0.0078155 0.0174672 12.9228
170 0.0122084 0.0269171 13.0121
171 0.0078241 0.0154009 13.0857
172 0.0238607 0.0240874 13.1841
173 0.0080122 0.01528 13.2579
174 0.0177968 0.0229418 13.3489
175 0.0082408 0.0151181 13.4226
176 0.0091135 0.0160638 13.498
177 0.0270466 0.0271296 13.6026
178 0.0152037 0.0283763 13.6965
179 0.0141924 0.0160937 13.7771
180 0.0247411 0.0247908 13.877
181 0.008756 0.0156588 13.9516
182 0.0087506 0.0164357 14.027
183 0.0097935 0.0377971 14.1249
184 0.0167028 0.0221437 14.214
185 0.0239803 0.0296341 14.3178
186 0.0153912 0.0241931 14.4077
187 0.0302375 0.0332102 14.5215
188 0.0160017 0.0248405 14.6126
189 0.0174002 0.0232946 14.7038
190 0.0105716 0.0154891 14.7802
191 0.0096228 0.0153571 14.8554
192 0.021711 0.0211871 14.9487
193 0.0216032 0.0289306 15.0495
194 0.0125096 0.0409277 15.1531
195 0.0134622 0.0184693 15.2353
196 0.013053 0.0157825 15.3144
197 0.0103374 0.0159328 15.3908
198 0.0133115 0.0157302 15.4702
199 0.0108525 0.0154174 15.5467
200 0.0105039 0.0150658 15.6225
201 0.0106873 0.0188248 15.7024
202 0.0363312 0.0221986 15.8112
203 0.0117431 0.0152534 15.8884
204 0.0161647 0.0240092 15.9789
205 0.0153796 0.032671 16.0772
206 0.0172146 0.0205148 16.1653
207 0.011466 0.0150409 16.2422
208 0.0117983 0.0290571 16.3333
209 0.0160264 0.0197661 16.4194
210 0.0151909 0.0165357 16.5014
211 0.0119656 0.0158954 16.5796
212 0.0118987 0.015539 16.6572
213 0.0124256 0.0157859 16.7358
214 0.0357771 0.0252329 16.847
215 0.0131785 0.0171496 16.9277
216 0.0130744 0.0159356 17.0072
217 0.0290985 0.0215165 17.1082
218 0.0170622 0.0161402 17.1916
219 0.0287637 0.0206824 17.2915
220 0.0134186 0.0155189 17.3706
221 0.0303431 0.0160756 17.4675
222 0.0153631 0.0154492 17.5485
223 0.0357668 0.0239699 17.6587
224 0.0268973 0.0376278 17.7737
225 0.0285632 0.0222626 17.8749
226 0.0158989 0.0173938 17.9583
227 0.0227479 0.026167 18.0575
228 0.013634 0.0160761 18.1374
229 0.0233646 0.0315472 18.2425
230 0.0242525 0.016746 18.3338
231 0.0235677 0.0163465 18.4239
232 0.0145536 0.0155915 18.5044
233 0.020259 0.0194233 18.5943
234 0.0177289 0.0203635 18.6828
235 0.0358145 0.0231226 18.7919
236 0.0245533 0.022433 18.8894
237 0.0151219 0.0168025 18.9715
238 0.0341492 0.0227962 19.0787
239 0.0327778 0.0207179 19.1826
240 0.021134 0.0209137 19.275
241 0.0196976 0.0281915 19.3732
242 0.0354299 0.0204855 19.4795
243 0.0155543 0.0160682 19.5615
244 0.0159944 0.0153677 19.643
245 0.0171315 0.0157562 19.7261
246 0.0159323 0.0157678 19.8081
247 0.0161498 0.0157147 19.8904
248 0.0160177 0.0157714 19.9725
249 0.016213 0.0158632 20.0547
250 0.0166983 0.0158417 20.1375
251 0.0156207 0.0159715 20.2193
252 0.01619 0.0164495 20.3023
253 0.0167356 0.015665 20.3851
254 0.0219159 0.0272871 20.4846
255 0.0166206 0.0160642 20.5676
256 0.0282286 0.0275655 20.6737
257 0.0176964 0.0166733 20.7583
258 0.0228963 0.0168003 20.8482
259 0.0181049 0.0173105 20.9338
260 0.0192933 0.0200617 21.0234
261 0.0369766 0.0379987 21.1486
262 0.0226765 0.0161821 21.2377
263 0.0211458 0.0192929 21.3285
264 0.0213433 0.0167422 21.4168
265 0.0179647 0.016466 21.5017
266 0.0182515 0.0160186 21.5862
267 0.0278298 0.0264813 21.6909
268 0.039258 0.023677 21.8042
269 0.0200434 0.0215228 21.8962
270 0.0175782 0.0160777 21.9801
271 0.0181322 0.0156865 22.0641
272 0.0174891 0.0180359 22.15
273 0.0444769 0.0181368 22.2629
274 0.0183087 0.0158303 22.3472
275 0.0200046 0.0206657 22.4382
276 0.0221288 0.0188621 22.5295
277 0.0210704 0.0207623 22.6216
278 0.0222901 0.0224987 22.7166
279 0.0212132 0.0158565 22.8039
280 0.0191514 0.0226091 22.896
281 0.0207929 0.0197718 22.9868
282 0.0215618 0.0178548 23.0764
283 0.045299 0.0226264 23.1945
284 0.0219851 0.0212843 23.2881
285 0.01838 0.0160432 23.3727
286 0.0194461 0.0164355 23.4588
287 0.0192547 0.0168091 23.5452
288 0.0191318 0.0200007 23.6346
289 0.0344305 0.0348552 23.754
290 0.0284498 0.0248735 23.8575
291 0.023596 0.0215404 23.9529
292 0.0246314 0.0197015 24.0476
293 0.0444646 0.0270824 24.1695
294 0.0197334 0.0166074 24.2561
295 0.0512316 0.0220058 24.3796
296 0.038306 0.0204038 24.4885
297 0.0358713 0.0228543 24.5974
298 0.0251652 0.0162452 24.6891
299 0.0281665 0.0244807 24.7919
300 0.026333 0.0216812 24.8902
301 0.0239535 0.016073 24.9804
302 0.041569 0.0164899 25.0889
303 0.0253385 0.0174116 25.1818
304 0.0208128 0.0163656 25.2693
305 0.0358218 0.0210705 25.3765
306 0.0397717 0.0165361 25.4832
307 0.0229852 0.0237269 25.5803
308 0.025115 0.0236992 25.6793
309 0.0245405 0.0296926 25.7837
310 0.0448476 0.0448275 25.9236
311 0.0294565 0.0267746 26.0299
312 0.0285738 0.0218343 26.1306
313 0.0383672 0.0370839 26.2562
314 0.0372667 0.0322259 26.3759
315 0.0318194 0.0238605 26.4818
316 0.0297645 0.0353425 26.5971
317 0.0237335 0.0230789 26.6942
318 0.0217164 0.0161178 26.7822
319 0.0396555 0.0214219 26.8936
320 0.0207185 0.0195305 26.9843
321 0.0204905 0.0158759 27.0711
322 0.020246 0.0161778 27.1577
323 0.0444574 0.0318267 27.2844
324 0.0209039 0.0167467 27.3723
325 0.0205843 0.0173054 27.4606
326 0.0488983 0.0217542 27.5816
327 0.0258403 0.017793 27.6758
328 0.0685621 0.0201981 27.8149
329 0.0419805 0.035468 27.9425
330 0.0298566 0.0233495 28.046
331 0.02919 0.023272 28.1487
332 0.0216618 0.0198344 28.2404
333 0.0223583 0.0202951 28.3334
334 0.0231632 0.0212342 28.428
335 0.022997 0.0179888 28.5191
336 0.0276903 0.0190162 28.6161
337 0.0340125 0.0278791 28.7282
338 0.0884501 0.0825137 28.9494
339 0.08472 0.0789978 29.1636
340 0.0551633 0.0730674 29.342
341 0.0555482 0.0504408 29.4982
342 0.0734367 0.0820594 29.7039
343 0.0483476 0.0264423 29.8289
344 0.0256481 0.0215714 29.9263
345 0.0271869 0.0213033 30.0251
346 0.0272376 0.0206367 30.1233
347 0.0254972 0.0175181 30.2166
348 0.0209493 0.0173464 30.3052
349 0.0205333 0.0184094 30.3946
350 0.0290896 0.0195853 30.4935
351 0.0252533 0.0272898 30.5963
352 0.0277813 0.0203557 30.6947
353 0.0318073 0.016627 30.7935
354 0.0192141 0.0159096 30.879
355 0.0356274 0.0214967 30.9863
356 0.0197636 0.0167717 31.073
357 0.021411 0.0175976 31.1622
358 0.0243767 0.0193825 31.2562
359 0.0404076 0.0166811 31.3636
360 0.0223047 0.0205169 31.4565
361 0.0209878 0.0176024 31.5455
362 0.0204024 0.0178874 31.6341
363 0.0212692 0.0183076 31.7239
364 0.0200239 0.0177059 31.8118
365 0.0202963 0.0187184 31.901
366 0.0249513 0.0211872 31.9974
367 0.0262828 0.0258974 32.1
368 0.0240303 0.0278101 32.202
369 0.0292253 0.0248473 32.3062
370 0.0318937 0.0232706 32.4116
371 0.0316715 0.0261195 32.5196
372 0.023824 0.0172799 32.6108
373 0.0188452 0.0169728 32.6969
374 0.0207927 0.023067 32.7911
375 0.017458 0.0161294 32.8751
376 0.0259745 0.0166263 32.968
377 0.0168783 0.0156465 33.0509
378 0.0307282 0.0198146 33.1516
379 0.0173676 0.0171446 33.2365
380 0.0180564 0.0170651 33.3217
381 0.0205728 0.0164984 33.409
382 0.0219906 0.0241002 33.5053
383 0.0597156 0.0822658 33.6974
384 0.0415167 0.0343131 33.8235
385 0.0287251 0.0267287 33.9292
386 0.0224112 0.0195512 34.0216
387 0.0219386 0.0178631 34.1117
388 0.0181056 0.016899 34.197
389 0.017638 0.0169013 34.2819
390 0.0241568 0.0257865 34.3821
391 0.0209876 0.0196598 34.4729
392 0.0231815 0.0178404 34.5642
393 0.0293689 0.0208811 34.665
394 0.0504685 0.0285056 34.7945
395 0.0285223 0.0244117 34.8977
396 0.0261061 0.0362871 35.0103
397 0.0344809 0.0591673 35.1542
398 0.020015 0.0207458 35.2451
399 0.0195202 0.0189058 35.3338
400 0.0186656 0.0179012 35.4205
401 0.0208637 0.0167237 35.5083
402 0.0460026 0.0402619 35.6448
403 0.0225424 0.023811 35.7413
404 0.0304813 0.0406354 35.8627
405 0.0250176 0.0310401 35.9689
406 0.0265795 0.0221219 36.0678
407 0.0194419 0.0186925 36.1561
408 0.0265575 0.0275827 36.2604
409 0.0215869 0.0223656 36.3546
410 0.0247488 0.0205156 36.45
411 0.0196564 0.025587 36.5455
412 0.0181776 0.0299499 36.6439
413 0.0295156 0.0291214 36.7528
414 0.0259781 0.0319959 36.861
415 0.0352814 0.0239296 36.9704
416 0.0325772 0.0525242 37.1075
417 0.0286423 0.0360742 37.2224
418 0.039556 0.0279508 37.3402
419 0.0226355 0.0203543 37.4333
420 0.0251308 0.0262525 37.5349
421 0.0254742 0.0203225 37.6309
422 0.0211514 0.0206747 37.7229
423 0.0226995 0.023032 37.8189
424 0.0244696 0.0258898 37.9194
425 0.0208424 0.0236429 38.0141
426 0.0166943 0.0186336 38.0997
427 0.0141017 0.016675 38.1806
428 0.0185152 0.021434 38.2709
429 0.0178318 0.0235192 38.3624
430 0.0172025 0.0250094 38.4548
431 0.0177183 0.022907 38.5456
432 0.01987 0.0194177 38.635
433 0.0177118 0.017798 38.7208
434 0.0145745 0.0334293 38.819
435 0.0216278 0.027105 38.9179
436 0.0200563 0.0228717 39.011
437 0.0162559 0.0201167 39.0976
438 0.018243 0.0204491 39.1866
439 0.0161671 0.017024 39.27
440 0.0144584 0.016867 39.3516
441 0.0176009 0.0175491 39.4369
442 0.0142593 0.0206668 39.5222
443 0.0119123 0.0241135 39.6086
444 0.0125901 0.017606 39.6892
445 0.0116102 0.0150687 39.7662
446 0.0157911 0.0157192 39.8479
447 0.0121088 0.0166816 39.9269
448 0.0106745 0.024041 40.0121
449 0.011202 0.021319 40.095
450 0.0108073 0.0183371 40.1743
451 0.0113011 0.0165486 40.2523
452 0.0111285 0.0175592 40.3313
453 0.0233584 0.0277741 40.4328
454 0.0185776 0.0265591 40.5282
455 0.0114713 0.01611 40.6061
456 0.0244928 0.0302548 40.7111
457 0.0103455 0.0166203 40.7883
458 0.0109065 0.0169313 40.8663
459 0.012089 0.0152865 40.9438
460 0.0279177 0.0225247 41.0447
461 0.0095787 0.0163218 41.1208
462 0.0110792 0.016456 41.1987
463 0.0091336 0.0162145 41.2743
464 0.0105077 0.0204875 41.3556
465 0.0105589 0.0318915 41.4484
466 0.009123 0.0159282 41.5237
467 0.009848 0.0181572 41.602
468 0.0175324 0.027757 41.6977
469 0.0088224 0.0158034 41.7726
470 0.0093289 0.0161048 41.8482
471 0.0235816 0.0238386 41.946
472 0.0291446 0.0279661 42.0534
473 0.021977 0.0272778 42.153
474 0.0121962 0.0241807 42.2398
475 0.0093228 0.016183 42.3155
476 0.0084234 0.0152207 42.3895
477 0.0106491 0.0171656 42.4675
478 0.0086236 0.0251214 42.5516
479 0.0081103 0.0216486 42.6316
480 0.0213802 0.0329337 42.7362
481 0.0104649 0.0155534 42.8126
482 0.0071797 0.0196397 42.8898
483 0.0079896 0.0437208 42.9918
484 0.0110401 0.0210899 43.0743
485 0.0087592 0.0156566 43.1489
486 0.0101399 0.0459108 43.2552
487 0.0194153 0.0319257 43.3567
488 0.0106903 0.0168988 43.4346
489 0.0101846 0.0208779 43.5159
490 0.0084878 0.0204017 43.5951
491 0.0199255 0.0297406 43.695
492 0.0076926 0.0193077 43.7723
493 0.0114154 0.0239253 43.8578
494 0.0116746 0.0256183 43.9454
495 0.0057141 0.0160891 44.0174
496 0.0069746 0.0211301 44.0957
497 0.007276 0.0183081 44.1716
498 0.0234352 0.029263 44.2746
499 0.0074432 0.018986 44.3513
500 0.0097843 0.0199601 44.4314
501 0.005134 0.0197052 44.5065
502 0.0057144 0.0158342 44.5782
503 0.0051488 0.0148135 44.6484
504 0.0052355 0.0161691 44.7202
505 0.0060882 0.0172168 44.7937
506 0.0081723 0.0215784 44.8737
507 0.0064279 0.0168189 44.9473
508 0.0062423 0.0213979 45.0252
509 0.0203685 0.0317889 45.1275
510 0.006888 0.0164246 45.2011
511 0.0054475 0.0252256 45.2819
512 0.0046066 0.0212267 45.358
513 0.0093374 0.034864 45.4525
514 0.006154 0.020826 45.5297
515 0.0068357 0.022282 45.609
516 0.0067144 0.0253076 45.6912
517 0.005811 0.0260763 45.7733
518 0.0049826 0.0221225 45.8507
519 0.0054932 0.0203255 45.9267
520 0.0052945 0.025266 46.0076
521 0.0067299 0.0193828 46.0839
522 0.0075486 0.032563 46.1742
523 0.0055717 0.0189275 46.249
524 0.0044766 0.0403634 46.344
525 0.0073073 0.0187606 46.4204
526 0.0052329 0.0203548 46.4962
527 0.0051804 0.0211684 46.5729
528 0.0044311 0.0156321 46.6434
529 0.0051887 0.0342912 46.7332
530 0.0029474 0.0158185 46.8023
531 0.0111161 0.0333757 46.8971
532 0.0050263 0.019514 46.9719
533 0.0030993 0.0216107 47.0468
534 0.0032716 0.0155615 47.116
535 0.0034544 0.0160391 47.1858
536 0.0036356 0.034971 47.2746
537 0.0043838 0.0213373 47.3507
538 0.0071761 0.0246709 47.4328
539 0.0040301 0.0193543 47.5065
540 0.0043419 0.0194806 47.5805
541 0.003541 0.019496 47.6538
542 0.0042226 0.0302006 47.7387
543 0.0030191 0.0229677 47.8149
544 0.0032149 0.029775 47.8983
545 0.0034223 0.0230366 47.9749
546 0.0037938 0.0191219 48.0481
547 0.0038006 0.0211345 48.1232
548 0.004341 0.022302 48.2
549 0.0034252 0.017925 48.2717
550 0.0028569 0.0210117 48.3458
551 0.0034479 0.0221893 48.4216
552 0.001792 0.0171161 48.4908
553 0.0033307 0.0173507 48.5617
554 0.002199 0.0200517 48.6342
555 0.0016373 0.0191086 48.7051
556 0.0022394 0.0239285 48.7814
557 0.0025253 0.021171 48.8553
558 0.0030505 0.0268201 48.9355
559 0.0023259 0.0173161 49.0053
560 0.0033478 0.0865637 49.1459
561 0.0083846 0.0842603 49.2893
562 0.0031244 0.0633585 49.4061
563 0.0044796 0.0676772 49.5284
564 0.0017244 0.0202469 49.6006
565 0.0031492 0.037198 49.6912
566 0.0016879 0.0150474 49.7583
567 0.0015763 0.0176617 49.8277
568 0.0015727 0.020964 49.9004
569 0.0021538 0.0236628 49.9766
570 0.0013045 0.0140279 50.0423
571 0.0041515 0.0491228 50.1458
572 0.0010955 0.0147581 50.2119
573 0.0050464 0.0402258 50.3074
574 0.0015242 0.0156341 50.3749
575 0.0018078 0.018649 50.4457
576 0.0015697 0.0232962 50.5208
577 0.001594 0.0218841 50.5945
578 0.0010063 0.0148786 50.6607
579 0.0009038 0.014819 50.7267
580 0.0010842 0.0156349 50.7937
581 0.000885 0.0203465 50.8653
582 0.0010589 0.01565 50.9324
583 0.0008321 0.0316705 51.0151
584 0.0009262 0.0157387 51.0819
585 0.0013248 0.0268642 51.1609
586 0.001253 0.0272982 51.2397
587 0.0007246 0.0180434 51.3088
588 0.0023549 0.0509493 51.4126
589 0.0010229 0.0415271 51.5054
590 0.0016557 0.036327 51.5938
591 0.0009564 0.029947 51.675
592 0.0034235 0.0447323 51.7735
593 0.0011883 0.0233383 51.8483
594 0.0007463 0.0150142 51.9145
595 0.0006323 0.0143231 51.9797
596 0.0006425 0.0249199 52.0555
597 0.0017993 0.0341767 52.1419
598 0.0008113 0.0138344 52.2069
599 0.0008557 0.0145305 52.2726
600 0.0010768 0.0316358 52.3556
601 0.0009613 0.0181956 52.4251
602 0.0007954 0.0146381 52.4907
603 0.0007323 0.0157553 52.5574
604 0.0004082 0.0142787 52.6224
605 0.0009638 0.0284675 52.7023
606 0.0005968 0.0145192 52.7676
607 0.0006967 0.0189742 52.8375
608 0.0009557 0.0359101 52.9246
609 0.0007635 0.0148828 52.9905
610 0.0009211 0.0170112 53.0588
611 0.0012519 0.0400266 53.1505
612 0.0007375 0.0191678 53.2207
613 0.0006101 0.0187939 53.2905
614 0.0006883 0.019232 53.3607
615 0.000728 0.0305056 53.4422
616 0.0009933 0.0451676 53.5387
617 0.0003981 0.0204014 53.6099
618 0.0011726 0.0193001 53.6808
619 0.000383 0.0169676 53.7485
620 0.0005324 0.0246429 53.824
621 0.0004049 0.0259042 53.9007
622 0.0005032 0.0146187 53.9662
623 0.0005421 0.0178483 54.0348
624 0.0012046 0.0258395 54.1122
625 0.0006324 0.0153762 54.1785
626 0.0006863 0.0148837 54.2444
627 0.0007507 0.024978 54.3204
628 0.000521 0.0177972 54.3889
629 0.0003024 0.0197676 54.4592
630 0.0002873 0.0196612 54.5293
631 0.0002578 0.016414 54.5962
632 0.0006619 0.0148234 54.662
633 0.0003916 0.0171507 54.73
634 0.0003693 0.0143976 54.7951
635 0.0003364 0.0199403 54.8657
636 0.0007143 0.0319813 54.9487
637 0.0005447 0.0409012 55.0405
638 0.0005108 0.041649 55.1329
639 0.000343 0.0201561 55.2037
640 0.0006046 0.0265813 55.2814
641 0.0007899 0.0206764 55.3532
642 0.0005996 0.0147788 55.4188
643 0.0005826 0.0177102 55.4875
644 0.0004424 0.0220872 55.5603
645 0.000394 0.0212998 55.6323
646 0.0006403 0.0391 55.7223
647 0.0002345 0.0153149 55.7882
648 0.0007992 0.0448772 55.8842
649 0.0008301 0.0244615 55.9597
650 0.0002652 0.0250943 56.0353
651 0.0004261 0.0393626 56.1253
652 0.0002905 0.0250675 56.2011
653 0.000286 0.0167945 56.2685
654 0.0002408 0.0145416 56.3336
655 0.0002685 0.0279953 56.4123
656 0.0002493 0.0194547 56.4822
657 0.0004511 0.0184251 56.5514
658 0.0005649 0.015725 56.6178
659 0.0004687 0.0152951 56.6839
660 0.0008939 0.0430375 56.7781
661 0.0001904 0.0260439 56.8547
662 0.0002452 0.0173857 56.9226
663 0.000249 0.0167311 56.99
664 0.000228 0.0182741 57.0587
665 0.0008465 0.0213251 57.1313
666 0.0003818 0.0147408 57.1967
667 0.0004069 0.0169044 57.2643
668 0.0002317 0.0171025 57.332
669 0.0002255 0.015192 57.3977
670 0.0005414 0.0444868 57.493
671 0.0002918 0.0238432 57.5674
672 0.0004777 0.0299868 57.6482
673 0.0002037 0.0149556 57.7137
674 0.0005018 0.0146744 57.7792
675 0.0005435 0.0143756 57.8443
676 0.0006142 0.019202 57.9143
677 0.0004749 0.0142784 57.9794
678 0.0002992 0.0142567 58.0444
679 0.0002313 0.0150897 58.1099
680 0.0001273 0.0139642 58.1742
681 0.0002287 0.0152016 58.2398
682 0.0004682 0.016142 58.3067
683 0.0004972 0.0493119 58.4068
684 0.0002536 0.0227426 58.4801
685 0.0002657 0.0262725 58.5569
686 0.0002709 0.0223136 58.6298
687 0.000179 0.0144798 58.6949
688 0.0001999 0.0162807 58.7616
689 0.0003397 0.019053 58.8312
690 0.000441 0.0176981 58.8997
691 0.0004796 0.0148027 58.9653
692 0.0005632 0.0149041 59.0309
693 0.0005226 0.0280524 59.1096
694 0.0003328 0.0190927 59.1794
695 0.0004503 0.0392952 59.2696
696 0.0002577 0.033251 59.3535
697 0.000466 0.0457019 59.4499
698 0.0001449 0.0201455 59.5205
699 0.0006691 0.0221737 59.5936
700 0.0002226 0.0179682 59.6622
701 0.000365 0.0144687 59.7274
702 0.0002109 0.0354693 59.8134
703 0.000275 0.0383892 59.9024
704 0.0002266 0.0230835 59.9762
705 0.0003083 0.0153237 60.0421
706 0.0002491 0.0153332 60.1082
707 0.0013468 0.0430467 60.2029
708 0.0006192 0.0197448 60.2737
709 0.0015018 0.0383264 60.3639
710 0.0003512 0.0187082 60.4332
711 0.0003544 0.0188903 60.5026
712 0.0001986 0.0190988 60.5723
713 0.0005525 0.0351104 60.6584
714 0.0003236 0.0218594 60.7309
715 0.0013192 0.0458592 60.8285
716 0.0005267 0.0407202 60.9201
717 0.0003556 0.0265075 60.9973
718 0.0004713 0.0356052 61.0839
719 0.0002991 0.0266102 61.1611
720 0.0001589 0.0145016 61.226
721 0.0002258 0.0163638 61.2928
722 0.0001663 0.0150537 61.3584
723 0.0004112 0.0438545 61.453
724 0.0005411 0.0221037 61.526
725 0.0007323 0.0216898 61.5987
726 0.0007348 0.0224367 61.6721
727 0.0004719 0.0189061 61.7418
728 0.0004142 0.020342 61.8129
729 0.0002713 0.0194181 61.8827
730 0.0003322 0.0330351 61.9663
731 0.0003258 0.0299441 62.047
732 0.001429 0.0439502 62.1426
733 0.0001446 0.0194615 62.2124
734 0.0001494 0.0254931 62.2884
735 0.0006088 0.0472517 62.3865
736 0.0001727 0.0244378 62.4616
737 0.0002045 0.016154 62.5281
738 0.0001967 0.0189056 62.5974
739 0.0001106 0.0142105 62.662
740 0.0003933 0.0256606 62.7384
741 0.0004674 0.0148619 62.804
742 0.0011329 0.0467108 62.9021
743 0.0004563 0.0159163 62.9686
744 0.0002372 0.0193972 63.0386
745 0.0002313 0.0178601 63.107
746 0.0003815 0.0146129 63.1724
747 0.0001749 0.0254649 63.2484
748 0.0001486 0.0145288 63.3134
749 0.0004355 0.0208946 63.3849
750 0.0003448 0.0348346 63.4705
751 0.0003279 0.0370639 63.5583
752 0.000218 0.0249981 63.6339
753 0.0001803 0.0189275 63.7033
754 0.0002718 0.0240691 63.7779
755 0.0004801 0.0344673 63.8633
756 0.0002184 0.0321279 63.946
757 0.000431 0.0147579 64.0116
758 0.0004926 0.0239937 64.0863
759 0.0004615 0.0144291 64.1515
760 0.0005344 0.035969 64.2383
761 0.0003835 0.0308411 64.3198
762 0.0002208 0.0230204 64.3934
763 0.000151 0.0168938 64.4607
764 0.0002798 0.0426099 64.5539
765 0.0006153 0.0234962 64.6282
766 0.0002277 0.0253065 64.7041
767 0.0003074 0.0360811 64.7909
768 0.0002365 0.0458095 64.8874
769 0.0002436 0.0290025 64.967
770 0.0002329 0.0144911 65.0319
771 0.0002565 0.0293489 65.1117
772 0.0001501 0.0219916 65.1842
773 0.000172 0.0188487 65.2536
774 0.0005738 0.0199698 65.3245
775 0.0006997 0.0201539 65.3956
776 0.0006087 0.019558 65.4661
777 0.000639 0.0215457 65.5386
778 0.0005034 0.0399371 65.6294
779 0.0002175 0.0317622 65.7118
780 0.0002427 0.0207271 65.7831
781 0.0002617 0.0335995 65.8672
782 0.0006264 0.0236633 65.9417
783 0.0002608 0.0231396 66.0156
784 0.0001918 0.0145613 66.0806
785 0.0001967 0.0283487 66.1594
786 0.000288 0.0512132 66.2613
787 0.000157 0.0324308 66.3442
788 0.0001945 0.0288017 66.4235
789 0.0002234 0.0143901 66.4885
790 0.0003824 0.0150457 66.5543
791 0.0005112 0.0169904 66.622
792 0.0008482 0.0316357 66.7049
793 0.0005138 0.0215605 66.7774
794 0.0004678 0.0142326 66.8423
795 0.0002324 0.0174313 66.9103
796 0.0001559 0.0164965 66.9772
797 9.62e-05 0.0145903 67.0421
798 0.0001557 0.0163881 67.1088
799 0.000305 0.0141039 67.1735
800 0.0002677 0.0317675 67.2559
801 0.0001135 0.0154269 67.3218
802 0.0001334 0.0140679 67.3863
803 0.0004041 0.0300365 67.4671
804 0.0002387 0.0346724 67.5524
805 0.0002711 0.0386825 67.6416
806 0.0001212 0.0187882 67.7107
807 0.0003799 0.0149699 67.7763
808 0.0005168 0.0148257 67.8418
809 0.0004462 0.0149221 67.9075
810 0.0009743 0.0285426 67.9874
811 0.0002149 0.0144988 68.0525
812 0.0001455 0.0149576 68.1179
813 0.0001243 0.0169984 68.1854
814 0.000103 0.016575 68.2522
815 0.0003125 0.0164595 68.3192
816 0.0001533 0.0165062 68.3861
817 0.0002293 0.0146154 68.4513
818 0.0001317 0.014246 68.5161
819 0.0003503 0.0331508 68.5999
820 0.000288 0.0296523 68.6801
821 0.0001053 0.0262867 68.7567
822 0.0003311 0.0142708 68.8216
823 0.0004665 0.0395168 68.9119
824 0.0007872 0.0271996 68.9903
825 0.0013092 0.0378739 69.0798
826 0.0006233 0.0337425 69.1645
827 0.0015094 0.0480403 69.2643
828 0.0004146 0.0271329 69.3422
829 0.000223 0.0219284 69.4147
830 0.0001336 0.0143293 69.4794
831 0.0005136 0.0402915 69.5707
832 0.0007364 0.0317039 69.6535
833 9.11e-05 0.0145876 69.7184
834 0.0002754 0.0443067 69.8133
835 0.0002049 0.0257999 69.8895
836 0.0001727 0.0141915 69.9541
837 0.0001234 0.0246412 70.0291
838 0.0002417 0.0272979 70.107
839 0.0002111 0.027227 70.1848
840 0.0009464 0.0216782 70.2577
841 0.0008746 0.0295429 70.3384
842 0.001364 0.043727 70.4339
843 0.0005517 0.0257603 70.5106
844 0.0007916 0.0265356 70.5883
845 0.0003792 0.0259611 70.665
846 0.0001253 0.0148644 70.7303
847 0.0001312 0.0156382 70.7963
848 0.0001995 0.0146346 70.8615
849 0.0004103 0.016253 70.9285
850 0.0001248 0.0143062 70.9933
851 0.0001292 0.0152946 71.059
852 0.0001264 0.0151891 71.1245
853 0.0003434 0.0161954 71.1912
854 0.0001244 0.0147781 71.2563
855 0.0002631 0.0151392 71.3219
856 0.0001284 0.0153687 71.3878
857 0.0005001 0.0273494 71.4658
858 0.0007736 0.0254701 71.5422
859 0.0003795 0.0146621 71.6076
860 0.0013191 0.0387881 71.6981
861 0.000666 0.0282882 71.7773
862 0.0001337 0.0159122 71.8438
863 0.0001699 0.0253343 71.9195
864 0.0002021 0.0335204 72.0035
865 0.0003902 0.0143797 72.0686
866 0.0001231 0.0146476 72.1337
867 0.0001545 0.0165045 72.2007
868 0.0001256 0.0147615 72.266
869 0.0001685 0.0376453 72.3541
870 0.0001922 0.0250981 72.4298
871 0.0002239 0.0226854 72.503
872 0.000149 0.0153097 72.5688
873 0.0001701 0.0145739 72.6339
874 0.0012036 0.0431888 72.7288
875 0.0012762 0.101022 72.8813
876 0.0005372 0.0360055 72.968
877 0.0003822 0.0235331 73.0421
878 0.0001769 0.0167592 73.1092
879 9.6e-05 0.0155965 73.1751
880 8.46e-05 0.0155686 73.241
881 0.0001229 0.0141398 73.3056
882 0.0004192 0.0176947 73.3741
883 0.00026 0.0319331 73.4566
884 0.0003507 0.0428098 73.5501
885 0.0002255 0.0198349 73.6205
886 0.0003999 0.0355707 73.7068
887 0.0001843 0.0397952 73.7971
888 0.0004463 0.0378938 73.8858
889 0.0002276 0.0252096 73.9616
890 0.0004724 0.0149649 74.0273
891 0.0007278 0.0286987 74.107
892 0.0004942 0.0167609 74.1747
893 0.0005188 0.0162642 74.2417
894 0.0005332 0.0177115 74.3103
895 0.0004537 0.0279632 74.389
896 0.0001648 0.0319152 74.4716
897 7.69e-05 0.0149657 74.5368
898 0.0001177 0.014934 74.6022
899 0.0004682 0.0166977 74.6695
900 0.0001465 0.0176918 74.7377