TimeStep Temps_Avancement Temps_Affichage Temps_Simulation
0 0.180404 0.0254096 0.0255184
1 0.0280762 0.006653 0.134929
2 0.00652522 0.0058617 0.240977
3 0.00563229 0.00595004 0.34714
4 0.00580099 0.00557067 0.452966
5 0.00567154 0.00606636 0.559246
6 0.00588226 0.00554062 0.665019
7 0.00527663 0.00551696 0.77076
8 0.00537237 0.00564678 0.876639
9 0.00544362 0.00542372 0.982281
10 0.00520787 0.00548546 1.08801
11 0.00523247 0.00556535 1.1938
12 0.00613713 0.00547514 1.30011
13 0.00510786 0.00554912 1.40589
14 0.0053178 0.00557414 1.51174
15 0.00534099 0.00564618 1.61763
16 0.00526395 0.00558595 1.72347
17 0.00522285 0.00555135 1.82929
18 0.00531009 0.00562577 1.9352
19 0.00555237 0.00562209 2.0411
20 0.00513399 0.00555697 2.1469
21 0.00524062 0.00563359 2.25279
22 0.00536017 0.0055927 2.35865
23 0.00522865 0.00611329 2.46502
24 0.00571759 0.00609823 2.57138
25 0.00573958 0.00554564 2.6772
26 0.0051821 0.00554932 2.78302
27 0.00513566 0.00542566 2.88869
28 0.00503661 0.00561076 2.99455
29 0.00519877 0.00566204 3.10047
30 0.00518976 0.005642 3.20637
31 0.00517597 0.00556173 3.31223
32 0.00510308 0.00535206 3.41785
33 0.00495255 0.00555115 3.52366
34 0.00506166 0.00554607 3.62946
35 0.00490412 0.00550727 3.73523
36 0.00524508 0.00562675 3.84112
37 0.00516807 0.00565257 3.94706
38 0.00516382 0.00555316 4.05288
39 0.00502711 0.00616399 4.1593
40 0.00562953 0.0056578 4.26522
41 0.00488627 0.00559477 4.37109
42 0.00503056 0.00555127 4.47691
43 0.00504403 0.0055826 4.58276
44 0.00495051 0.00556897 4.6886
45 0.00516923 0.00561847 4.79448
46 0.0049837 0.00561571 4.90038
47 0.00526272 0.00566101 5.00633
48 0.00526826 0.00604797 5.11265
49 0.00538738 0.00565945 5.21857
50 0.0045628 0.00566795 5.3245
51 0.00509575 0.0056755 5.43044
52 0.00548717 0.0057438 5.53644
53 0.00530678 0.00552221 5.64223
54 0.00478189 0.00562959 5.74813
55 0.00488914 0.00606927 5.85446
56 0.00530195 0.00568189 5.9604
57 0.00475219 0.00566534 6.06633
58 0.00483868 0.00561023 6.1722
59 0.00480669 0.00559652 6.27807
60 0.00473705 0.00560199 6.38394
61 0.00473044 0.00555844 6.48975
62 0.0046312 0.00565085 6.59566
63 0.00474343 0.00566184 6.70159
64 0.00474346 0.0055544 6.80741
65 0.00494816 0.00552512 6.91324
66 0.00465465 0.00563789 7.01918
67 0.00469797 0.00611011 7.12557
68 0.00509922 0.00556168 7.23139
69 0.00453458 0.00566004 7.33731
70 0.00465406 0.00551909 7.44309
71 0.00433935 0.00552181 7.54889
72 0.00463512 0.00560784 7.65476
73 0.00449691 0.00559069 7.76062
74 0.00507942 0.00561518 7.8665
75 0.00446008 0.00556452 7.97233
76 0.00443024 0.00559925 8.07819
77 0.00465121 0.00554425 8.18402
78 0.00438477 0.00555366 8.28983
79 0.0043378 0.00558009 8.39568
80 0.00480871 0.00559652 8.50155
81 0.00447339 0.00567634 8.6075
82 0.00438193 0.00558616 8.71335
83 0.00431551 0.00560779 8.81924
84 0.00430192 0.00558408 8.92511
85 0.0042494 0.00571364 9.03109
86 0.00434053 0.00556713 9.13691
87 0.00404159 0.00571359 9.24288
88 0.00427606 0.00564743 9.34878
89 0.00425546 0.00565562 9.4547
90 0.00418711 0.00564074 9.5606
91 0.00415457 0.00613492 9.66699
92 0.00460655 0.00567857 9.77293
93 0.00413838 0.00565129 9.87884
94 0.00417482 0.00568056 9.9848
95 0.00406551 0.00568543 10.0907
96 0.00412249 0.00557543 10.1966
97 0.00394538 0.0056583 10.3025
98 0.00412483 0.0055896 10.4084
99 0.00478287 0.00575086 10.5144
100 0.0041234 0.00556113 10.6202
101 0.00395239 0.00562495 10.7261
102 0.0037261 0.00565284 10.8321
103 0.00396613 0.0056618 10.938
104 0.00441319 0.00563616 11.0439
105 0.00399583 0.00561607 11.1497
106 0.00405145 0.00575399 11.2557
107 0.00377841 0.00568221 11.3617
108 0.00444919 0.0056288 11.4676
109 0.00420912 0.00563225 11.5735
110 0.0035989 0.0057108 11.6795
111 0.00341768 0.00558912 11.7853
112 0.00348476 0.00626177 11.8918
113 0.0042926 0.00618182 11.9983
114 0.00425026 0.006184 12.1047
115 0.00424785 0.00617368 12.2112
116 0.00430109 0.00574461 12.3172
117 0.00343076 0.00559779 12.423
118 0.00376553 0.0056457 12.529
119 0.00404748 0.00558217 12.6352
120 0.00345884 0.00559702 12.7411
121 0.00315826 0.0056429 12.847
122 0.00342852 0.00573265 12.953
123 0.00369465 0.00564544 13.0589
124 0.00330613 0.00619463 13.1654
125 0.00402161 0.00617681 13.2718
126 0.00376159 0.0057808 13.3778
127 0.00383029 0.00568871 13.4838
128 0.00279184 0.0057087 13.5898
129 0.00332281 0.00568972 13.6957
130 0.00337913 0.00572461 13.8017
131 0.00332246 0.0061998 13.9082
132 0.00363314 0.00570742 14.0142
133 0.00346478 0.00567266 14.1201
134 0.00381709 0.00574161 14.2261
135 0.00331043 0.00573855 14.3321
136 0.00351015 0.00570448 14.4381
137 0.00299932 0.00563926 14.544
138 0.00315362 0.00619968 14.6505
139 0.00372315 0.00565889 14.7564
140 0.0029455 0.00617007 14.8628
141 0.00334445 0.00574642 14.9688
142 0.00375711 0.0055874 15.0751
143 0.00278071 0.00568196 15.181
144 0.00283918 0.00565108 15.2869
145 0.00311335 0.00573136 15.3929
146 0.00314093 0.00574412 15.4989
147 0.00377733 0.00568201 15.6049
148 0.00277946 0.0056524 15.7108
149 0.00314645 0.00571749 15.8168
150 0.00275916 0.00564353 15.9227
151 0.00308639 0.00570813 16.0287
152 0.00308473 0.00584507 16.1348
153 0.0031882 0.00575741 16.2408
154 0.00328039 0.00568615 16.3467
155 0.0030545 0.00573842 16.4527
156 0.00351015 0.00582883 16.5588
157 0.0028858 0.00578986 16.6649
158 0.00312938 0.00572084 16.7708
159 0.00347153 0.00571934 16.8769
160 0.00318396 0.00571072 16.9828
161 0.00312787 0.00567867 17.0888
162 0.00340156 0.00573751 17.1947
163 0.00289265 0.00579045 17.3008
164 0.0025929 0.00566949 17.4067
165 0.0028865 0.00575962 17.5127
166 0.00255278 0.00565425 17.6187
167 0.00306646 0.00567981 17.7246
168 0.00281654 0.00573438 17.8306
169 0.00286058 0.00574701 17.9366
170 0.00248389 0.00574374 18.0426
171 0.00264731 0.00575351 18.1486
172 0.00273758 0.00575052 18.2547
173 0.00266017 0.00576349 18.3607
174 0.00290266 0.00568111 18.4666
175 0.00279031 0.00570691 18.5726
176 0.00243709 0.00621461 18.6791
177 0.00325831 0.00584005 18.7852
178 0.00263184 0.00581452 18.8913
179 0.00274218 0.00569936 18.9973
180 0.00240794 0.00583409 19.1034
181 0.00262085 0.0057367 19.2094
182 0.00271009 0.00578697 19.3154
183 0.00243893 0.00576231 19.4214
184 0.00266428 0.00575957 19.5275
185 0.00238583 0.00578936 19.6335
186 0.00212227 0.00569883 19.7395
187 0.00239389 0.00574006 19.8455
188 0.00246127 0.00577347 19.9515
189 0.00261816 0.00573851 20.0575
190 0.00234944 0.00568447 20.1635
191 0.00257819 0.00625155 20.27
192 0.00275656 0.00571135 20.376
193 0.00203598 0.00624306 20.4825
194 0.00273685 0.00578073 20.5886
195 0.00225289 0.00579463 20.6946
196 0.00251523 0.00572131 20.8006
197 0.00222622 0.00588201 20.9068
198 0.00221934 0.00577377 21.0128
199 0.00178241 0.00569892 21.1187
200 0.00209103 0.00579472 21.2248
201 0.00211236 0.00574693 21.3308
202 0.00201127 0.00579841 21.4369
203 0.00237664 0.00570713 21.5428
204 0.00171335 0.00627623 21.6494
205 0.00219087 0.00578197 21.7554
206 0.00185569 0.00573255 21.8614
207 0.00194144 0.00578595 21.9675
208 0.00197895 0.00576819 22.0735
209 0.00165448 0.00584901 22.1796
210 0.00191787 0.00579742 22.2856
211 0.00192138 0.00579296 22.3917
212 0.00168894 0.0058247 22.4978
213 0.00187685 0.00578185 22.6038
214 0.00167838 0.00598145 22.7101
215 0.00184451 0.00582085 22.8162
216 0.00142633 0.0058796 22.9223
217 0.0019096 0.00574314 23.0283
218 0.00168913 0.00584549 23.1344
219 0.00223701 0.00583678 23.2405
220 0.00164439 0.00573478 23.3465
221 0.00132752 0.00588477 23.4526
222 0.00184952 0.00579039 23.5587
223 0.00159621 0.00587458 23.6648
224 0.00145062 0.00587952 23.7709
225 0.00169744 0.00576428 23.877
226 0.00143892 0.00578963 23.983
227 0.00158328 0.00581634 24.0891
228 0.00148198 0.00577498 24.1951
229 0.00109195 0.00638674 24.3017
230 0.00203257 0.00586214 24.4079
231 0.00133504 0.00579872 24.5139
232 0.000849216 0.00577327 24.6199
233 0.00124195 0.00585295 24.726
234 0.000908578 0.00577072 24.8321
235 0.000988879 0.00634189 24.9387
236 0.00171914 0.00586171 25.0448
237 0.000845218 0.00579063 25.1508
238 0.000919858 0.00591585 25.257
239 0.00123077 0.00584944 25.3631
240 0.00110298 0.00585859 25.4692
241 0.00165638 0.00590635 25.5754
242 0.000829609 0.00632719 25.682
243 0.00154823 0.00593208 25.7881
244 0.00102027 0.00586539 25.8943
245 0.000701558 0.00635177 26.0009
246 0.00130944 0.00581152 26.107
247 0.000530026 0.00578285 26.213
248 0.000333366 0.00586421 26.3192
249 0.000773283 0.00593541 26.4254
250 0.000821684 0.00591141 26.5315
251 0.000942852 0.00588547 26.6377
252 0.00100735 0.00585049 26.7438
253 0.00161963 0.00588155 26.8499
254 0.00160546 0.00620274 26.9564
255 0.00135646 0.00595174 27.0626
256 0.0010672 0.00639246 27.1693
257 0.00138113 0.00590651 27.2755
258 0.000841942 0.00587306 27.3816
259 0.000443674 0.00596064 27.4878
260 0.000441109 0.00643527 27.5945
261 0.00134059 0.00590551 27.7007
262 0.000383211 0.00597433 27.8069
263 0.00063298 0.00585372 27.913
264 0.000571464 0.00592684 28.0192
265 0.000341773 0.0059271 28.1254
266 0.000438824 0.00590354 28.2316
267 0.000772521 0.00639326 28.3382
268 0.000619544 0.00600779 28.4445
269 0.000253206 0.00595974 28.5507
270 0.000261561 0.00594629 28.6569
271 0.000114916 0.00637644 28.7636
272 0.00132951 0.00588611 28.8697
273 0.000113964 0.00580232 28.9759
274 0.000256923 0.00592018 29.0821
275 0.000141866 0.00594795 29.1883
276 0.000509127 0.00583325 29.2944
277 0.000122531 0.00592504 29.4006
278 0.000256582 0.00589286 29.5068
279 0.000141416 0.00590969 29.6129
280 0.000277221 0.00584608 29.719
281 0.000169739 0.00593972 29.8252
282 0.000119004 0.00579591 29.9316
283 0.000120797 0.00605182 30.0383
284 0.000252013 0.0064027 30.1449
285 0.00104351 0.00590335 30.2511
286 0.000115978 0.00587193 30.3573
287 0.00011669 0.00576123 30.4639
288 0.000112481 0.00594492 30.5704
289 0.000115978 0.00594173 30.6772
290 0.000116689 0.00584563 30.7836
291 0.0001174 0.00591968 30.8902
292 0.00011694 0.00589251 30.997
293 0.000116649 0.00589853 31.1037
294 0.000120697 0.00581343 31.2102
295 0.00011712 0.00574821 31.317
296 0.000110859 0.00580141 31.4237
297 0.000109706 0.00589097 31.5308
298 0.000116528 0.00584881 31.6376
299 0.00011158 0.00583536 31.7441
300 0.000114856 0.00584356 31.8512
301 0.000115998 0.00585462 31.958
302 0.000116349 0.00566952 32.065
303 0.000113884 0.0058233 32.172
304 0.00011711 0.00583065 32.279
305 0.000116459 0.00586003 32.3862
306 0.000115787 0.00580669 32.493
307 0.000113954 0.00655388 32.6004
308 0.000114305 0.00599138 32.707
309 0.000112742 0.00576943 32.8138
310 0.000117851 0.00577727 32.921
311 0.000116859 0.00576149 33.028
312 0.000115958 0.00587949 33.1358
313 0.000114916 0.00579309 33.2424
314 0.000113604 0.00574169 33.3495
315 0.000115697 0.00580988 33.4568
316 0.000118603 0.00575897 33.5641
317 0.000118082 0.00578336 33.6715
318 0.000114876 0.00571596 33.7788
319 0.00011156 0.005608 33.8864
320 0.000117 0.00570549 33.9939
321 0.000109355 0.0056143 34.1015
322 0.000120897 0.00582865 34.2094
323 0.000116278 0.0056965 34.3167
324 0.00011728 0.00578729 34.4246
325 0.000116939 0.00578044 34.5322
326 0.000116619 0.0057536 34.6397
327 0.000107602 0.00563631 34.7476
328 0.0001171 0.00594118 34.855
329 0.000115678 0.00575204 34.9629
330 0.000118192 0.00567286 35.0705
331 0.000118322 0.00570326 35.1779
332 0.000111028 0.0057269 35.286
333 0.00011169 0.00565014 35.394
334 0.000113864 0.00589044 35.5021
335 0.00011722 0.00575893 35.6097
336 0.000115928 0.00574092 35.7176
337 0.000112401 0.00570655 35.8258
338 0.000115007 0.00570183 35.934
339 0.000113242 0.00570204 36.0422
340 0.000118993 0.00566864 36.1501
341 0.000122119 0.00573456 36.2582
342 0.000114375 0.00572808 36.3666
343 0.000113423 0.00568123 36.4747
344 9.9888e-05 0.00579742 36.5828
345 0.000112281 0.00569319 36.6908
346 0.000121779 0.0056578 36.7991
347 0.000114655 0.00568823 36.9072
348 0.000114065 0.00572945 37.0156
349 0.000115437 0.00570841 37.1238
350 0.000114916 0.00568651 37.2323
351 0.000113694 0.00569887 37.3406
352 0.000116319 0.00566734 37.449
353 0.00011172 0.00571127 37.5572
354 0.000113614 0.00572376 37.6658
355 0.00011175 0.00570846 37.7746
356 0.000115907 0.00568617 37.8824
357 0.000114605 0.00571343 37.9909
358 0.000113162 0.0057126 38.0995
359 0.000114966 0.00572506 38.208
360 0.000113584 0.00570591 38.3166
361 0.000113072 0.00574777 38.4255
362 0.000125986 0.00568592 38.5342
363 0.000118763 0.00570692 38.6427
364 0.000128812 0.00571264 38.7515
365 0.000113624 0.00577452 38.8601
366 0.000110448 0.00575397 38.9684
367 0.000119755 0.00571655 39.0773
368 0.000132589 0.00569272 39.1862
369 0.00011711 0.00577792 39.2948
370 0.000117531 0.0057474 39.4039
371 0.000131768 0.00572789 39.5131
372 0.000119324 0.00572146 39.622
373 0.000120176 0.00572993 39.7307
374 0.000115356 0.00575159 39.8398
375 0.000117932 0.00573665 39.9488
376 0.000119815 0.00576522 40.0578
377 0.000115327 0.00580555 40.1667
378 0.000119735 0.00575904 40.2756
379 0.000120085 0.00574294 40.3849
380 0.000110157 0.00582383 40.4934
381 0.000117741 0.00577037 40.6025
382 0.00011744 0.00574808 40.711
383 0.000120737 0.00575973 40.8205
384 0.000120607 0.00577444 40.9299
385 0.000117461 0.00575927 41.0396
386 0.000632508 0.00586682 41.1496
387 0.000123542 0.00578109 41.2592
388 0.000128963 0.00579936 41.368
389 0.000135946 0.00585715 41.4774
390 0.000110668 0.00588527 41.5867
391 0.00012742 0.00580606 41.696
392 0.000130084 0.00584027 41.8059
393 0.000126638 0.00582753 41.9155
394 0.000136557 0.00584586 42.0253
395 0.000136096 0.00579694 42.1352
396 0.000146525 0.00954288 42.2498
397 0.00062785 0.00652986 42.3569
398 0.000133361 0.00584129 42.466
399 0.000130625 0.00581734 42.5758
400 0.000139883 0.00583905 42.6858
401 0.000159309 0.00580096 42.7953
402 0.000147227 0.00580159 42.9043
403 0.000147988 0.00582689 43.0143
404 0.00013824 0.0058719 43.1245
405 0.000142578 0.00582881 43.2347
406 0.000145093 0.00583779 43.3447
407 0.000145864 0.00583674 43.4551
408 0.000141336 0.00584649 43.5648
409 0.000145473 0.00587544 43.6752
410 0.000146495 0.00588577 43.7856
411 0.000152106 0.0059067 43.8965
412 0.00014894 0.00582786 44.007
413 0.000148559 0.0058432 44.1176
414 0.000156333 0.0058362 44.2284
415 0.00014924 0.00583942 44.3386
416 0.000149931 0.00581986 44.4495
417 0.00016508 0.00591354 44.5607
418 0.000152206 0.00583587 44.6711
419 0.00015466 0.00585608 44.7819
420 0.000149992 0.00593908 44.8926
421 0.000156434 0.00590396 45.0036
422 0.000161474 0.0059023 45.1145
423 0.000161293 0.00582567 45.2253
424 0.000159951 0.00581935 45.3366
425 0.000174609 0.00589901 45.4467
426 0.000153107 0.00602771 45.5573
427 0.000170912 0.00588569 45.6684
428 0.000162675 0.00585037 45.7797
429 0.000174708 0.00586264 45.8913
430 0.000171513 0.00585779 46.0026
431 0.000172624 0.00591336 46.1141
432 0.000172364 0.00589655 46.2259
433 0.000174739 0.00588255 46.3371
434 0.000175299 0.00587796 46.4483
435 0.000203603 0.00616588 46.5601
436 0.000183245 0.00589267 46.6715
437 0.000172945 0.00598541 46.7831
438 0.000183295 0.00586658 46.8943
439 0.000184898 0.00589436 47.0059
440 0.000188014 0.00588346 47.1177
441 0.000187883 0.00586381 47.2289
442 0.000191701 0.006346 47.341
443 0.000190778 0.005884 47.4526
444 0.000189527 0.00590772 47.5644
445 0.000193794 0.00597488 47.6761
446 0.000189456 0.00588975 47.7875
447 0.000188364 0.00595814 47.8992
448 0.00019683 0.005939 48.0111
449 0.000199835 0.00591998 48.1234
450 0.000201088 0.00589394 48.2353
451 0.000206038 0.00593348 48.3476
452 0.000202941 0.0059128 48.4592
453 0.000201769 0.0059733 48.5711
454 0.000210796 0.00592075 48.6836
455 0.000204604 0.00591276 48.7955
456 0.000213181 0.00590587 48.9075
457 0.000209173 0.00589101 49.0195
458 0.000210626 0.0059325 49.1318
459 0.000206508 0.00593038 49.2438
460 0.000212249 0.00595613 49.3561
461 0.000200286 0.00595788 49.4676
462 0.000210967 0.00592201 49.5799
463 0.000210044 0.00590203 49.6923
464 0.000212499 0.00594343 49.8042
465 0.000213672 0.00592472 49.9163
466 0.000220404 0.00594957 50.0286
467 0.000211888 0.00590748 50.141
468 0.000226886 0.00590264 50.2534
469 0.000215746 0.00592982 50.3657
470 0.000217168 0.00594578 50.478
471 0.000251934 0.0059801 50.5902
472 0.000225864 0.00595798 50.7025
473 0.000221897 0.00593302 50.8151
474 0.000223681 0.00590676 50.9277
475 0.000224251 0.00600736 51.041
476 0.000229522 0.00595389 51.153
477 0.000229842 0.00595564 51.2658
478 0.00022878 0.00591022 51.3783
479 0.000232658 0.00602772 51.4913
480 0.000227959 0.00596252 51.6041
481 0.000235743 0.00602399 51.717
482 0.000240613 0.0059395 51.8296
483 0.000239871 0.00599415 51.9423
484 0.000236585 0.00596334 52.0552
485 0.000248276 0.00596164 52.1679
486 0.000258455 0.0059246 52.2808
487 0.000245141 0.00603164 52.3939
488 0.000241384 0.0060289 52.5069
489 0.000242576 0.00601996 52.6198
490 0.000248247 0.00596924 52.7327
491 0.000245832 0.0059854 52.8462
492 0.00027153 0.00596341 52.9593
493 0.000249639 0.00600629 53.0724
494 0.000254057 0.00598049 53.1852
495 0.000252033 0.00600795 53.2982
496 0.000242806 0.00594613 53.4106
497 0.000251933 0.00602008 53.524
498 0.000254989 0.00605488 53.637
499 0.00027667 0.00601405 53.7503
500 0.000248407 0.00599187 53.8639
501 0.000257254 0.00597698 53.977
502 0.000256151 0.00732655 54.0916
503 0.000256031 0.00596797 54.2036
504 0.000256612 0.00599014 54.3169
505 0.000256562 0.00600726 54.4303
506 0.000257163 0.00598785 54.5437
507 0.000256803 0.00604394 54.6573
508 0.000265138 0.00600286 54.7704
509 0.000267453 0.00602937 54.8837
510 0.000257604 0.00615176 54.9969
511 0.000261722 0.0059745 55.1098
512 0.000257443 0.00597795 55.2231
513 0.000267884 0.00601472 55.3366
514 0.000259057 0.00600339 55.4499
515 0.000273474 0.00609679 55.5628
516 0.000258917 0.00601237 55.6759
517 0.000261612 0.00601796 55.7888
518 0.000269967 0.00599486 55.9015
519 0.000251603 0.00599781 56.0144
520 0.000256762 0.00599455 56.1277
521 0.000259508 0.00599059 56.2408
522 0.000256462 0.00597942 56.3537
523 0.000258125 0.00600104 56.467
524 0.00026089 0.00606884 56.5797
525 0.00027117 0.00595129 56.6926
526 0.000254258 0.00600035 56.8062
527 0.000257834 0.00608244 56.9194
528 0.000251964 0.00603984 57.0322
529 0.000259327 0.00597048 57.1454
530 0.000262313 0.00600235 57.2585
531 0.000250892 0.00603674 57.3714
532 0.000267283 0.00598503 57.4846
533 0.000256452 0.00595591 57.5976
534 0.000254409 0.00602816 57.7104
535 0.000258516 0.00604444 57.8235
536 0.000257604 0.0059984 57.9366
537 0.000246443 0.00599091 58.05
538 0.000246022 0.00595833 58.1622
539 0.000248717 0.00596223 58.2753
540 0.000244369 0.00596724 58.3883
541 0.000262262 0.00600565 58.5007
542 0.000254459 0.00601189 58.6135
543 0.000250501 0.00600578 58.7266
544 0.000237937 0.00610751 58.8394
545 0.000244019 0.00597669 58.952
546 0.000240993 0.00595243 59.0647
547 0.000237997 0.00595497 59.1773
548 0.000233299 0.00594563 59.2901
549 0.000238598 0.00595397 59.403
550 0.000241083 0.00597492 59.5156
551 0.000236344 0.00598698 59.6284
552 0.000233599 0.00592752 59.7408
553 0.000235252 0.00612935 59.8537
554 0.000221897 0.00597356 59.9659
555 0.000227978 0.00595301 60.078
556 0.0002233 0.0059426 60.1904
557 0.000222579 0.00598596 60.3031
558 0.00022379 0.00594796 60.4153
559 0.000206938 0.00611745 60.5273
560 0.000224993 0.00594372 60.6395
561 0.000226425 0.00594104 60.7516
562 0.000214674 0.00593184 60.864
563 0.000227006 0.00604347 60.9763
564 0.000217108 0.00597427 61.0883
565 0.000217188 0.00594588 61.2003
566 0.000219091 0.00594018 61.3125
567 0.000205717 0.00594799 61.4248
568 0.000235142 0.00590238 61.5368
569 0.000208953 0.005922 61.6488
570 0.000205657 0.00595254 61.7611
571 0.000205726 0.00593331 61.8729
572 0.000224292 0.00588529 61.985
573 0.000200357 0.00591331 62.0967
574 0.000202661 0.00590913 62.2086
575 0.000203783 0.00589721 62.3204
576 0.00019177 0.00594963 62.432
577 0.00019697 0.00589258 62.5435
578 0.000193204 0.00597892 62.6553
579 0.000190588 0.00588806 62.7666
580 0.000189907 0.00592121 62.8781
581 0.000187843 0.00596139 62.9897
582 0.000189616 0.00591541 63.1013
583 0.000190017 0.00592174 63.2127
584 0.000194245 0.00593462 63.324
585 0.000187533 0.00587074 63.4354
586 0.000187222 0.0058886 63.5469
587 0.000183104 0.00589612 63.6582
588 0.000179658 0.00591834 63.77
589 0.000178937 0.00591487 63.8817
590 0.000190408 0.00589835 63.9931
591 0.000179658 0.00584772 64.1044
592 0.000179507 0.00593079 64.2158
593 0.000180329 0.00588516 64.3274
594 0.000173957 0.00588715 64.4385
595 0.000179848 0.0059133 64.5495
596 0.000173355 0.00586569 64.6604
597 0.000178025 0.00583747 64.7714
598 0.000168146 0.00587955 64.8826
599 0.000172144 0.00584032 64.9933
600 0.000168467 0.00591928 65.1045
601 0.000176652 0.00587703 65.2156
602 0.00017031 0.00585875 65.3264
603 0.000155482 0.00613003 65.4365
604 0.000219141 0.0061804 65.5467
605 0.000158689 0.00588814 65.6572
606 0.00015951 0.00585872 65.7679
607 0.000162746 0.00584621 65.8784
608 0.000157335 0.00585472 65.9887
609 0.000156254 0.00585487 66.0997
610 0.000158377 0.00582841 66.2103
611 0.000153038 0.0058698 66.321
612 0.000153839 0.0058879 66.4317
613 0.000152146 0.00587427 66.5421
614 0.000150243 0.00584379 66.6525
615 0.000150122 0.0058551 66.7629
616 0.00014929 0.00583985 66.8736
617 0.000150402 0.00593533 66.9841
618 0.000149581 0.00585343 67.094
619 0.000148949 0.00583364 67.2044
620 0.00014378 0.00586591 67.3147
621 0.000142357 0.00585008 67.4249
622 0.000144792 0.00583433 67.5351
623 0.000134884 0.00583291 67.6449
624 0.000142618 0.00583414 67.755
625 0.000142478 0.00585148 67.8654
626 0.000146085 0.00584136 67.9757
627 0.000136857 0.00593132 68.0856
628 0.000137959 0.00582696 68.1949
629 0.000139071 0.00589037 68.3047
630 0.000133441 0.00579942 68.4144
631 0.000142017 0.00586131 68.5243
632 0.000136347 0.00579618 68.6342
633 0.000135795 0.00583437 68.7439
634 0.000134222 0.006264 68.8543
635 0.000130265 0.00582175 68.9637
636 0.000135415 0.00584462 69.0735
637 0.000132749 0.00582385 69.183
638 0.000143069 0.00577856 69.2924
639 0.0001279 0.00580809 69.4016
640 0.000126016 0.00579132 69.5104
641 0.000128902 0.00581878 69.6194
642 0.000123152 0.00582112 69.7286
643 0.000130074 0.00580312 69.8377
644 0.000123352 0.00582047 69.947
645 0.000131147 0.00577743 70.0565
646 0.000125175 0.00584573 70.1661
647 0.000125996 0.00577424 70.275
648 0.000125395 0.00582056 70.3837
649 0.000121689 0.00586098 70.4919
650 0.000137949 0.00579523 70.6007
651 0.000130385 0.00574931 70.7096
652 0.000125656 0.00577508 70.8186
653 0.00012744 0.00575608 70.9271
654 0.000126698 0.00591736 71.0356
655 0.000127039 0.0057372 71.1441
656 0.000123011 0.00576478 71.2529
657 0.000123281 0.00574392 71.3616
658 0.000126548 0.00578398 71.4697
659 0.000103825 0.00581222 71.5775
660 0.000124293 0.00575633 71.6856
661 0.000123953 0.00576176 71.7937
662 0.000120326 0.00588107 71.9019
663 0.000121107 0.00573264 72.0098
664 0.000121578 0.00572846 72.1181
665 0.000125846 0.00578585 72.2261
666 0.000131768 0.00576618 72.3339
667 0.000131728 0.00574079 72.442
668 0.000125326 0.00576449 72.5496
669 0.000115587 0.00570185 72.6577
670 0.000122831 0.00572225 72.7658
671 0.000123622 0.00581606 72.8736
672 0.000125886 0.00584564 72.9816
673 0.000125335 0.00584032 73.0895
674 0.000126017 0.00572644 73.1973
675 0.000121548 0.00584942 73.3052
676 0.000122329 0.00573738 73.4124
677 0.000115066 0.00607861 73.5195
678 0.000117821 0.00568772 73.6264
679 0.00012224 0.00592153 73.7336
680 0.000123212 0.00584463 73.841
681 0.000128482 0.00591468 73.9484
682 0.00012755 0.00578069 74.0556
683 0.000125887 0.00583782 74.1633
684 0.000129884 0.00585326 74.2704
685 0.000125135 0.00592196 74.3778
686 0.000124985 0.00588249 74.4848
687 0.000124274 0.00592677 74.5921
688 0.000124283 0.00593028 74.6992
689 0.000126207 0.00591544 74.8063
690 0.000121879 0.00584702 74.9131
691 0.000120557 0.0058985 75.0201
692 0.000121799 0.00589416 75.1271
693 0.000126227 0.00593104 75.2341
694 0.000176823 0.00605484 75.3406
695 0.000125636 0.00601016 75.4474
696 0.000414159 0.00594612 75.5536
697 0.000118693 0.00592324 75.6602
698 0.000123663 0.00598865 75.7672
699 0.000604456 0.00607705 75.8735
700 0.000124253 0.00598127 75.9801
701 0.000122871 0.00597225 76.0864
702 0.000123722 0.00598756 76.1928
703 0.000125706 0.00599437 76.2993
704 0.00012268 0.00598645 76.4057
705 0.000270509 0.00595285 76.5119
706 0.00013315 0.00599256 76.6185
707 0.000125326 0.00605781 76.725
708 0.000124293 0.00608237 76.8314
709 0.000123272 0.00603478 76.9378
710 0.000657395 0.00597618 77.044
711 0.000118303 0.00647428 77.1508
712 0.000616659 0.00604485 77.2571
713 0.000754668 0.0060202 77.3633
714 0.000768955 0.00643252 77.47
715 0.00143223 0.00645406 77.5767
716 0.00107861 0.00602337 77.683
717 0.000518514 0.00603124 77.7893
718 0.00107814 0.00613543 77.8958
719 0.000817366 0.00641322 78.0024
720 0.000625074 0.0059424 78.1086
721 0.00101671 0.00644452 78.2153
722 0.00123507 0.00646067 78.3221
723 0.00106554 0.00590881 78.4282
724 0.000817566 0.00591087 78.5344
725 0.00113792 0.00639927 78.6411
726 0.00153253 0.00594369 78.7473
727 0.000765108 0.00605177 78.8536
728 0.00108845 0.00589599 78.9598
729 0.00102111 0.00589536 79.0659
730 0.000987165 0.00593961 79.1721
731 0.000973129 0.00596636 79.2783
732 0.00136334 0.00595094 79.3846
733 0.000826884 0.00567733 79.4905
734 0.000770327 0.00642303 79.5972
735 0.00174841 0.00637671 79.7038
736 0.00162651 0.00587081 79.81
737 0.000992746 0.0058257 79.9161
738 0.00178785 0.005916 80.0222
739 0.00132034 0.00590251 80.1284
740 0.00149242 0.0059001 80.2346
741 0.00176996 0.00587945 80.3407
742 0.00117515 0.00578649 80.4468
743 0.00215491 0.00598871 80.553
744 0.00177746 0.00636431 80.6596
745 0.00170283 0.00587266 80.7657
746 0.0021002 0.00634973 80.8723
747 0.00277909 0.00591159 80.9785
748 0.00154001 0.00591565 81.0847
749 0.00166124 0.00594973 81.1909
750 0.00190087 0.00585607 81.297
751 0.0024604 0.00583892 81.4031
752 0.00190211 0.00584126 81.5091
753 0.00191584 0.00585766 81.6153
754 0.00292509 0.00592793 81.7215
755 0.00195351 0.00586746 81.8276
756 0.00215084 0.00580003 81.9337
757 0.00218604 0.00552015 82.0395
758 0.00213255 0.00630325 82.146
759 0.00225837 0.00588955 82.2522
760 0.00218674 0.00580103 82.3583
761 0.00263189 0.00588224 82.4644
762 0.00189555 0.00633741 82.571
763 0.00262055 0.00578579 82.6771
764 0.00206214 0.00587377 82.7832
765 0.00196857 0.00573231 82.8892
766 0.00197603 0.00628774 82.9957
767 0.00309797 0.00583136 83.1018
768 0.00197344 0.00576002 83.2078
769 0.00211681 0.00636515 83.3145
770 0.0029273 0.00627795 83.421
771 0.00278978 0.00579423 83.527
772 0.00324918 0.00577241 83.6331
773 0.00226932 0.00630629 83.7396
774 0.00258606 0.00584334 83.8457
775 0.00222585 0.00576564 83.9517
776 0.00260982 0.00583911 84.0578
777 0.0023304 0.00630089 84.1644
778 0.00334832 0.0057419 84.2704
779 0.00237154 0.00624961 84.3769
780 0.0036293 0.00574895 84.4829
781 0.00280404 0.00574123 84.5889
782 0.00281899 0.00574245 84.6949
783 0.00249728 0.00584276 84.801
784 0.00288789 0.0057392 84.907
785 0.00259207 0.00586994 85.0132
786 0.00264616 0.00585533 85.1193
787 0.00252453 0.00567267 85.2252
788 0.00266319 0.00579951 85.3313
789 0.00310466 0.00580014 85.4376
790 0.00358483 0.00589254 85.5437
791 0.00279734 0.00582561 85.6498
792 0.00261517 0.00568802 85.7558
793 0.00239828 0.00566134 85.8617
794 0.00263152 0.0062797 85.9682
795 0.00358304 0.00562088 86.0742
796 0.00280273 0.00576096 86.1802
797 0.00321861 0.00567616 86.2862
798 0.00260238 0.00569424 86.3922
799 0.00359009 0.00573919 86.4982
800 0.00284642 0.00567054 86.6041
801 0.00264378 0.00570098 86.71
802 0.00311172 0.00575991 86.8161
803 0.00322872 0.00569517 86.922
804 0.00272389 0.00569883 87.028
805 0.00321418 0.00574162 87.134
806 0.00296961 0.00567027 87.2399
807 0.00281668 0.00570537 87.3459
808 0.00309963 0.00579827 87.4519
809 0.00347457 0.00569363 87.5579
810 0.00294548 0.00564561 87.6638
811 0.00325948 0.00578204 87.7698
812 0.0030248 0.00568147 87.8757
813 0.00330036 0.0057282 87.9817
814 0.00325746 0.00573617 88.0877
815 0.00336478 0.00575763 88.1937
816 0.0033899 0.00578394 88.2998
817 0.00352215 0.00571938 88.4058
818 0.00357432 0.0056693 88.5117
819 0.00336058 0.0057625 88.6177
820 0.00344403 0.00576059 88.7237
821 0.00330064 0.00622578 88.8302
822 0.00366777 0.00571569 88.9362
823 0.00337369 0.00548378 89.0419
824 0.00306049 0.00569812 89.1479
825 0.00354704 0.00572708 89.2539
826 0.00374437 0.00570947 89.3598
827 0.00361535 0.00570635 89.4658
828 0.0033022 0.00564478 89.5717
829 0.00318907 0.0056792 89.6777
830 0.00330587 0.00565761 89.7836
831 0.00360991 0.00571644 89.8895
832 0.0035006 0.00576518 89.9956
833 0.00389911 0.00567756 90.1015
834 0.00429793 0.00570984 90.2075
835 0.00401095 0.00563541 90.3134
836 0.00347667 0.00572069 90.4193
837 0.00459212 0.00571822 90.5253
838 0.00400635 0.00618358 90.6318
839 0.00408357 0.00568708 90.7377
840 0.00375437 0.00573188 90.8437
841 0.00400608 0.00561942 90.9496
842 0.00371156 0.00574146 91.0556
843 0.00375889 0.00573537 91.1616
844 0.00377982 0.00563175 91.2675
845 0.003758 0.00618181 91.3739
846 0.00426168 0.00575344 91.4799
847 0.00477818 0.00573086 91.5859
848 0.0039401 0.00563394 91.6919
849 0.00406446 0.00619638 91.7983
850 0.00461427 0.00567244 91.9043
851 0.0038629 0.00561054 92.0101
852 0.00386438 0.00565928 92.1161
853 0.00389164 0.00562869 92.2219
854 0.0039975 0.00566487 92.3279
855 0.00426375 0.00564732 92.4338
856 0.00403268 0.00570957 92.5398
857 0.00404402 0.00573847 92.6458
858 0.00419828 0.00562106 92.7516
859 0.00394083 0.00571998 92.8576
860 0.00416696 0.00569076 92.9636
861 0.0041449 0.00615658 93.07
862 0.00466747 0.0056158 93.1759
863 0.00463028 0.00564156 93.2818
864 0.00424894 0.00617552 93.3882
865 0.00481486 0.00557013 93.4941
866 0.00414532 0.00564721 93.6
867 0.00451131 0.00567417 93.7059
868 0.00435627 0.00570466 93.8119
869 0.0044155 0.00564225 93.9178
870 0.00438757 0.00570381 94.0238
871 0.00440184 0.00571271 94.1297
872 0.00444287 0.00571629 94.2357
873 0.00473611 0.00559535 94.3416
874 0.0046289 0.00568207 94.4475
875 0.00442165 0.00631761 94.5541
876 0.00514033 0.00566731 94.66
877 0.00452076 0.00564875 94.766
878 0.00450513 0.00570792 94.8719
879 0.00491713 0.00562837 94.9778
880 0.00459859 0.00562869 95.0837
881 0.0046189 0.0057046 95.1897
882 0.00491171 0.00559218 95.2955
883 0.00456727 0.00565194 95.4015
884 0.00459418 0.00562946 95.5074
885 0.00463061 0.00567081 95.6133
886 0.00473832 0.00559377 95.7191
887 0.00466588 0.00559846 95.825
888 0.00461568 0.00611297 95.9314
889 0.00542863 0.00569842 96.0378
890 0.00477291 0.00557776 96.1436
891 0.00464895 0.0056225 96.2495
892 0.00477691 0.0055438 96.3553
893 0.00487775 0.00562423 96.4612
894 0.00506591 0.00567765 96.5671
895 0.00495365 0.00557383 96.6729
896 0.00478528 0.00558497 96.7788
897 0.00478521 0.00565533 96.8847
898 0.00492381 0.0055547 96.9905
899 0.0047707 0.00566178 97.0964
900 0.00490998 0.00620406 97.2029
901 0.00549129 0.00568814 97.3088
902 0.00500013 0.00565923 97.4148
903 0.0049709 0.00555297 97.5206
904 0.00485903 0.00565427 97.6265
905 0.0049494 0.00610983 97.7329
906 0.00541825 0.00567687 97.8388
907 0.00501544 0.0055938 97.9447
908 0.00493163 0.00613517 98.0511
909 0.00554061 0.00618746 98.1575
910 0.00568446 0.00611588 98.2639
911 0.00548339 0.00545868 98.3696
912 0.00487954 0.00567986 98.4755
913 0.00509269 0.00567871 98.5815
914 0.00508833 0.00612441 98.6879
915 0.00555957 0.00556483 98.7937
916 0.0049841 0.00562943 98.8996
917 0.00548845 0.00559606 99.0054
918 0.00510055 0.00578858 99.1115
919 0.00523465 0.00564158 99.2174
920 0.00536153 0.00614521 99.3238
921 0.00564732 0.00554825 99.4296
922 0.00507341 0.0056819 99.5355
923 0.00520865 0.00561226 99.6414
924 0.00538406 0.00560046 99.7472
925 0.00510397 0.00571996 99.8532
926 0.00530445 0.0056029 99.9591
927 0.00516265 0.00560203 100.065
928 0.00518022 0.00556919 100.171
929 0.0051271 0.00564273 100.277
930 0.00520238 0.00569453 100.383
931 0.00550004 0.00536614 100.488
932 0.00521701 0.00610614 100.595
933 0.00569149 0.00566437 100.701
934 0.00526194 0.00565353 100.806
935 0.00520236 0.00568251 100.912
936 0.00532614 0.00551997 101.018
937 0.00512209 0.00563789 101.124
938 0.00564749 0.00557932 101.23
939 0.00514037 0.00561507 101.336
940 0.00553137 0.00564878 101.442
941 0.00532021 0.00554346 101.548
942 0.00515604 0.00557928 101.653
943 0.00520862 0.0055414 101.759
944 0.00542056 0.00564176 101.865
945 0.00525561 0.00557356 101.971
946 0.00518982 0.00561265 102.077
947 0.00545814 0.00570089 102.183
948 0.00534441 0.00554887 102.289
949 0.00513611 0.00560758 102.394
950 0.00521627 0.00560664 102.5
951 0.00529456 0.00561828 102.606
952 0.00527078 0.00557164 102.712
953 0.00524452 0.00609404 102.818
954 0.00596209 0.00573157 102.924
955 0.00536408 0.00552999 103.03
956 0.00516909 0.00556997 103.136
957 0.00520121 0.00612163 103.242
958 0.0058086 0.00559966 103.348
959 0.0052499 0.00564993 103.454
960 0.00535203 0.00557265 103.56
961 0.00531951 0.00554359 103.666
962 0.00522331 0.00609944 103.772
963 0.00575234 0.00608632 103.879
964 0.00574825 0.00565342 103.985
965 0.00521089 0.00557043 104.09
966 0.00522754 0.00608614 104.197
967 0.00571064 0.00572492 104.303
968 0.0053645 0.00560489 104.409
969 0.00526488 0.00567963 104.515
970 0.00523336 0.00554022 104.62
971 0.00543988 0.00577359 104.726
972 0.00541593 0.0055418 104.832
973 0.00537249 0.00553369 104.938
974 0.00537779 0.0060963 105.044
975 0.00577602 0.00563963 105.15
976 0.00501746 0.00568159 105.256
977 0.00549053 0.00558812 105.362
978 0.00533343 0.0055614 105.468
979 0.00548799 0.00566006 105.574
980 0.005261 0.00555134 105.679
981 0.00516159 0.00556803 105.785
982 0.00555956 0.00592686 105.891
983 0.00576811 0.00557652 105.997
984 0.00522191 0.00563797 106.103
985 0.00525616 0.00553633 106.209
986 0.00521048 0.00558687 106.315
987 0.00524003 0.00560651 106.421
988 0.00525176 0.00611333 106.527
989 0.00577946 0.00551846 106.633
990 0.00541578 0.00610407 106.739
991 0.00592449 0.00557291 106.845
992 0.00524731 0.00562087 106.951
993 0.00532408 0.00565227 107.057
994 0.00531004 0.00563422 107.163
995 0.00529554 0.00564615 107.269
996 0.00536948 0.0055829 107.375
997 0.00519832 0.00571129 107.481
998 0.00591034 0.00556923 107.587
999 0.00547127 0.00560508 107.693
1000 0.00520841 0.00556792 107.798
1001 0.00514859 0.00557439 107.904
1002 0.00527775 0.00564139 108.01
1003 0.00528248 0.00547191 108.116
1004 0.00537363 0.00566091 108.222
1005 0.00526959 0.00556133 108.328
1006 0.00543093 0.00562584 108.434
1007 0.00557518 0.00554738 108.539
1008 0.0054254 0.00562786 108.646
1009 0.00529374 0.00553503 108.751
1010 0.00521282 0.00577816 108.857
1011 0.0054173 0.00610097 108.964
1012 0.00571438 0.0056702 109.07
1013 0.00609585 0.00550966 109.176
1014 0.00515255 0.005557 109.282
1015 0.00525535 0.0055829 109.388
1016 0.00553591 0.00553723 109.493
1017 0.00516285 0.00563805 109.599
1018 0.00541286 0.0060895 109.706
1019 0.00576121 0.00612808 109.812
1020 0.00574667 0.00568521 109.918
1021 0.00531888 0.00569402 110.024
1022 0.00534993 0.00568734 110.13
1023 0.00540318 0.00568018 110.236
1024 0.00559004 0.0056114 110.342
1025 0.00533766 0.00568281 110.448
1026 0.00564235 0.00530925 110.553
1027 0.00493666 0.00563602 110.659
1028 0.00534969 0.00557396 110.765
1029 0.00527533 0.00568391 110.871
1030 0.00533756 0.00565543 110.977
1031 0.0053502 0.00559017 111.083
1032 0.00546376 0.00558115 111.189
1033 0.00532178 0.00569034 111.295
1034 0.00561386 0.00562848 111.4
1035 0.00554385 0.00611869 111.507
1036 0.00586053 0.00566568 111.613
1037 0.00532944 0.00552942 111.719
1038 0.00521729 0.00556716 111.824
1039 0.00548022 0.0055986 111.93
1040 0.00523633 0.00567457 112.036
1041 0.00549766 0.00552936 112.142
1042 0.00521283 0.0056705 112.248
1043 0.00532839 0.00560188 112.354
1044 0.00526712 0.00566569 112.46
1045 0.00530622 0.00556468 112.566
1046 0.00520218 0.00566706 112.671
1047 0.00538016 0.00557331 112.777
1048 0.00524084 0.00554554 112.883
1049 0.00526989 0.00557859 112.989
1050 0.00523971 0.00555106 113.095
1051 0.00516142 0.00550611 113.201
1052 0.0051394 0.00554964 113.306
1053 0.00517217 0.00555428 113.412
1054 0.00519766 0.00564361 113.518
1055 0.00532667 0.00564213 113.624
1056 0.00551042 0.00561493 113.73
1057 0.00532259 0.0055345 113.836
1058 0.0051758 0.0055345 113.941
1059 0.00527484 0.00566238 114.047
1060 0.00534274 0.00569218 114.153
1061 0.0053345 0.00554789 114.259
1062 0.00523032 0.00561332 114.365
1063 0.00552908 0.00564277 114.471
1064 0.00530546 0.00557619 114.577
1065 0.00523903 0.00548562 114.683
1066 0.00539168 0.00560637 114.788
1067 0.00531587 0.00557437 114.894
1068 0.00526174 0.00565577 115
1069 0.00537832 0.00561046 115.106
1070 0.00534331 0.00557849 115.212
1071 0.00525761 0.00566225 115.318
1072 0.00534929 0.00556165 115.424
1073 0.00553533 0.00573346 115.53
1074 0.00536349 0.0055469 115.635
1075 0.00520157 0.00564764 115.741
1076 0.00533749 0.00555311 115.847
1077 0.00524071 0.00568415 115.953
1078 0.00542658 0.00609002 116.059
1079 0.00570218 0.006082 116.166
1080 0.00563633 0.00562804 116.272
1081 0.00523966 0.00563979 116.378
1082 0.00526139 0.00532103 116.483
1083 0.0052526 0.00615246 116.59
1084 0.00582686 0.00559687 116.695
1085 0.00528574 0.00556723 116.801
1086 0.00529889 0.00561231 116.907
1087 0.00527282 0.00610123 117.013
1088 0.0058292 0.00552771 117.119
1089 0.00525707 0.0060975 117.226
1090 0.00581606 0.00556115 117.331
1091 0.00520184 0.00559505 117.437
1092 0.00552951 0.00554905 117.543
1093 0.0052661 0.00555467 117.649
1094 0.00525098 0.0055763 117.755
1095 0.00524577 0.00536356 117.86
1096 0.00505499 0.00567707 117.966
1097 0.00538592 0.0055589 118.072
1098 0.00522664 0.0055865 118.178
1099 0.00525208 0.00560226 118.284
1100 0.0053301 0.00566191 118.39
1101 0.00532382 0.00560218 118.496
1102 0.0052207 0.00552493 118.601
1103 0.00521935 0.0056376 118.707
1104 0.00524809 0.00608164 118.814
1105 0.00571839 0.00568263 118.92
1106 0.00533001 0.00556634 119.025
1107 0.00526107 0.00567146 119.131
1108 0.00535544 0.00557365 119.237
1109 0.00527925 0.0056773 119.343
1110 0.00536147 0.0056256 119.449
1111 0.00531604 0.00563764 119.555
1112 0.00533336 0.00560905 119.661
1113 0.00529348 0.00554411 119.767
1114 0.00520845 0.00568213 119.872
1115 0.00558991 0.00565501 119.978
1116 0.00530193 0.00554849 120.084
1117 0.0052921 0.00562701 120.19
1118 0.00536533 0.00557336 120.296
1119 0.00523579 0.00557991 120.402
1120 0.00525021 0.00568899 120.508
1121 0.00591261 0.00552474 120.614
1122 0.0051186 0.00553191 120.72
1123 0.005199 0.00563981 120.826
1124 0.00529198 0.00565845 120.931
1125 0.00549689 0.00578673 121.038
1126 0.00542093 0.00557411 121.144
1127 0.00528901 0.00557966 121.249
1128 0.00552442 0.0061243 121.356
1129 0.00581428 0.0056033 121.462
1130 0.00528003 0.00568929 121.568
1131 0.00539273 0.00555446 121.673
1132 0.00518742 0.00555503 121.779
1133 0.00527624 0.00563127 121.885
1134 0.005398 0.00552987 121.991
1135 0.0052259 0.00611502 122.097
1136 0.00570025 0.00557729 122.203
1137 0.00533972 0.00551144 122.309
1138 0.00524546 0.00558476 122.415
1139 0.00526815 0.00565959 122.521
1140 0.00534388 0.00563381 122.627
1141 0.00532315 0.00575568 122.733
1142 0.00568769 0.00570519 122.839
1143 0.00535462 0.00565342 122.945
1144 0.00528539 0.00556386 123.05
1145 0.00521243 0.00557593 123.156
1146 0.00525367 0.00555384 123.262
1147 0.00525917 0.00555758 123.368
1148 0.00524064 0.00562224 123.474
1149 0.00524701 0.0055956 123.58
1150 0.0053725 0.00563825 123.686
1151 0.00526232 0.0055495 123.792
1152 0.00525169 0.00563556 123.897
1153 0.00536162 0.00556898 124.003
1154 0.00529514 0.00550482 124.109
1155 0.0052407 0.00557645 124.215
1156 0.0052724 0.00564493 124.321
1157 0.00533655 0.00551415 124.427
1158 0.0051475 0.00553476 124.532
1159 0.00547036 0.00563045 124.638
1160 0.00523906 0.00607896 124.745
1161 0.00575093 0.00567659 124.851
1162 0.00528036 0.00556896 124.956
1163 0.00540013 0.00552983 125.062
1164 0.00525191 0.00554067 125.168
1165 0.00526399 0.00560195 125.274
1166 0.00526803 0.00553788 125.38
1167 0.00517514 0.00560006 125.485
1168 0.00545675 0.00568249 125.591
1169 0.00541785 0.00557445 125.697
1170 0.00522826 0.00554008 125.803
1171 0.00521967 0.0056035 125.909
1172 0.00528417 0.00553635 126.015
1173 0.00517151 0.00559433 126.121
1174 0.005227 0.00553973 126.226
1175 0.00526952 0.00565975 126.332
1176 0.00485262 0.00564184 126.438
1177 0.0053006 0.00608473 126.545
1178 0.00581208 0.00554474 126.65
1179 0.0052383 0.00556084 126.756
1180 0.00521485 0.00537158 126.862
1181 0.00518337 0.00562058 126.968
1182 0.00527831 0.00559949 127.074
1183 0.00522968 0.00552966 127.179
1184 0.00521242 0.00554335 127.285
1185 0.00521547 0.00612813 127.392
1186 0.00610227 0.00559943 127.497
1187 0.00527371 0.00559027 127.603
1188 0.00528957 0.00562161 127.709
1189 0.00531639 0.0055745 127.815
1190 0.00525745 0.00567113 127.921
1191 0.00535852 0.00557236 128.027
1192 0.00525069 0.00612469 128.133
1193 0.00566369 0.00558235 128.239
1194 0.00526638 0.0056074 128.345
1195 0.00529061 0.00555573 128.451
1196 0.00519831 0.00568011 128.557
1197 0.00562066 0.00550175 128.662
1198 0.00502681 0.00565178