TimeStep Temps_Avancement Temps_Affichage Temps_Simulation
1 0.0741633 0.116969 0.243645
2 0.000549201 0.0354671 0.329957
3 0.0001441 0.0499557 0.430229
4 0.0001067 0.0527991 0.533307
5 0.00054 0.036696 0.620709
6 0.0005351 0.0980623 0.769504
7 0.0001262 0.0483935 0.868203
8 0.0001081 0.0383532 0.956875
9 0.000965101 0.0384762 1.04668
10 0.0001697 0.0296768 1.12684
11 0.000176 0.031942 1.20915
12 0.000154301 0.0339045 1.29357
13 0.0001562 0.0308428 1.37514
14 0.0001344 0.0259411 1.45166
15 0.0001743 0.0275417 1.52974
16 0.0001948 0.0261729 1.60633
17 0.000901701 0.0267304 1.68433
18 0.000159 0.0261281 1.76101
19 0.0001637 0.0261098 1.91383
20 0.000243601 0.0383366 2.00273
21 0.0001955 0.027443 2.08074
22 0.0001994 0.0258901 2.15705
23 0.0004239 0.0260673 2.23389
24 0.0003641 0.0428011 2.32738
25 0.000342 0.0422679 2.42025
26 0.0003179 0.0307687 2.50165
27 0.0002234 0.0293046 2.58136
28 0.000275801 0.0313594 2.66335
29 0.0004586 0.0384498 2.75259
30 0.0004866 0.044784 2.84813
31 0.0002521 0.0264485 2.92502
32 0.0002939 0.0383271 3.01402
33 0.0002766 0.0255925 3.09008
34 0.000868401 0.0333664 3.17449
35 0.0002659 0.0283863 3.25328
36 0.0003061 0.0464871 3.35045
37 0.0005293 0.0430407 3.44448
38 0.000275401 0.0264151 3.52154
39 0.0003364 0.0280902 3.60063
40 0.0032414 0.0325223 3.6866
41 0.000318801 0.0289866 3.76628
42 0.0003232 0.0254657 3.84229
43 0.0003664 0.0281295 3.92103
44 0.0006433 0.0446852 4.01673
45 0.000349 0.0255401 4.09301
46 0.000739601 0.0459808 4.18999
47 0.000707 0.0268088 4.26787
48 0.0004697 0.0314011 4.35013
49 0.0007169 0.0494869 4.45072
50 0.0004269 0.0482262 4.54974
51 0.0004114 0.0256067 4.62595
52 0.0012346 0.0286561 4.70602
53 0.0012637 0.029713 4.78732
54 0.0005435 0.034002 4.87208
55 0.0018241 0.0350572 4.95921
56 0.000415901 0.0276483 5.03765
57 0.0004595 0.0282227 5.11649
58 0.0004752 0.0265222 5.19367
59 0.0004756 0.0260416 5.27035
60 0.000498 0.0287714 5.34996
61 0.0005171 0.0251648 5.42598
62 0.0005469 0.0266271 5.50331
63 0.0007776 0.0282562 5.5826
64 0.0005501 0.0328735 5.66655
65 0.0005567 0.0257847 5.74328
66 0.0006097 0.0261383 5.82038
67 0.0010943 0.0492964 5.92113
68 0.0006177 0.0466539 6.01859
69 0.0011081 0.0426386 6.11254
70 0.0007219 0.0263653 6.18984
71 0.0009678 0.028731 6.2699
72 0.0012788 0.0547747 6.37629
73 0.0012592 0.0471603 6.47504
74 0.0008703 0.0275658 6.55374
75 0.0006264 0.0323194 6.63706
76 0.000777701 0.0277986 6.71597
77 0.0014832 0.0358813 6.80366
78 0.0012733 0.0379892 6.89323
79 0.0013461 0.0416107 6.98664
80 0.000885801 0.0291862 7.067
81 0.0014314 0.0443898 7.16309
82 0.0008991 0.0263175 7.24064
83 0.0010178 0.0296409 7.32171
84 0.000792701 0.0281083 7.40095
85 0.000910501 0.0278857 7.48011
86 0.0009008 0.0295609 7.56092
87 0.000924801 0.0263721 7.63842
88 0.001967 0.0280439 7.71869
89 0.0009672 0.0279108 7.79792
90 0.0010021 0.0260726 7.87538
91 0.0010171 0.0264711 7.95323
92 0.0010734 0.0293182 8.03396
93 0.001718 0.0516986 8.13761
94 0.0010484 0.0282264 8.21709
95 0.0010861 0.0279134 8.2963
96 0.001105 0.0280521 8.37588
97 0.001072 0.0277612 8.45504
98 0.0010817 0.0314122 8.53789
99 0.0022443 0.0551651 8.64554
100 0.0011851 0.026713 8.72364
101 0.0015732 0.0328274 8.80838
102 0.0028305 0.0474945 8.90916
103 0.0012342 0.0272979 8.98804
104 0.001267 0.0283925 9.06795
105 0.0013566 0.0286282 9.14832
106 0.0013251 0.0283716 9.22845
107 0.0013501 0.0270088 9.30708
108 0.0018643 0.0266604 9.38591
109 0.0015233 0.0294551 9.46705
110 0.0016071 0.0305882 9.54961
111 0.0015534 0.0277254 9.62925
112 0.001591 0.0265484 9.7076
113 0.0015485 0.0269474 9.78648
114 0.0016756 0.0284283 9.86696
115 0.0017196 0.0282223 9.94727
116 0.0035843 0.0496549 10.0509
117 0.0086958 0.0322864 10.1421
118 0.0018133 0.0266014 10.2209
119 0.0018729 0.0283206 10.3015
120 0.0029688 0.045043 10.3998
121 0.0038119 0.0392493 10.4931
122 0.0035304 0.0388783 10.5857
123 0.0017939 0.0292165 10.6671
124 0.0038429 0.0418779 10.7633
125 0.0026761 0.0360263 10.8522
126 0.0044571 0.0477968 10.9546
127 0.0020905 0.0299414 11.037
128 0.0022997 0.0369439 11.1264
129 0.0021877 0.0272023 11.206
130 0.0035836 0.0386802 11.2987
131 0.0022904 0.0294079 11.3808
132 0.0023285 0.027985 11.4615
133 0.0024658 0.0272442 11.5414
134 0.0022443 0.0272806 11.6211
135 0.0033146 0.0359173 11.7107
136 0.002529 0.0272196 11.7907
137 0.0028593 0.0273735 11.8713
138 0.0032198 0.0292283 11.9541
139 0.0048573 0.0437791 12.053
140 0.0027356 0.0296882 12.1358
141 0.0029877 0.030445 12.2195
142 0.0027406 0.0290368 12.3014
143 0.0072836 0.0294978 12.3888
144 0.0040921 0.0276816 12.4709
145 0.0035811 0.0288984 12.5537
146 0.0055661 0.0423437 12.6519
147 0.0060369 0.0547536 12.763
148 0.0030388 0.0337137 12.85
149 0.0036824 0.0302002 12.9342
150 0.0031655 0.0314305 13.0191
151 0.0030185 0.0291139 13.1015
152 0.0060338 0.0417305 13.1996
153 0.0056811 0.0348204 13.2904
154 0.0040763 0.0319515 13.3768
155 0.002942 0.0320671 13.462
156 0.0056394 0.0374144 13.5554
157 0.0103586 0.0392587 13.6553
158 0.0048025 0.0325065 13.7429
159 0.0041057 0.0334391 13.8308
160 0.0034842 0.0344079 13.9192
161 0.003593 0.0294197 14.0026
162 0.0037689 0.0313754 14.0881
163 0.0048631 0.0323918 14.1758
164 0.0037374 0.0309549 14.2608
165 0.0039988 0.0309793 14.3462
166 0.003531 0.0285921 14.4287
167 0.0035661 0.0292301 14.5118
168 0.0070753 0.0384271 14.6076
169 0.0060196 0.0277772 14.6916
170 0.003872 0.0315072 14.7773
171 0.0084578 0.0433353 14.8795
172 0.0040558 0.0300228 14.964
173 0.0040734 0.0302215 15.0486
174 0.0040932 0.0302084 15.1331
175 0.0040967 0.030225 15.2178
176 0.004526 0.0316084 15.3044
177 0.0055248 0.0323547 15.3924
178 0.0041605 0.0296585 15.4767
179 0.0045582 0.0313251 15.5629
180 0.0063215 0.031395 15.6509
181 0.0088953 0.0398142 15.75
182 0.004678 0.0307473 15.8356
183 0.0047501 0.0304009 15.9211
184 0.0104681 0.0385788 16.0203
185 0.004857 0.0328676 16.1084
186 0.0052622 0.0322764 16.1961
187 0.0047749 0.0301813 16.2815
188 0.0052246 0.0314743 16.3685
189 0.009085 0.0504047 16.4783
190 0.0053579 0.0325561 16.5665
191 0.0078453 0.0355909 16.6603
192 0.005658 0.0371097 16.7534
193 0.0068378 0.0318521 16.8425
194 0.0123104 0.0416941 16.9467
195 0.0055898 0.0464301 17.0489
196 0.0081424 0.0311923 17.1384
197 0.0089862 0.0371201 17.235
198 0.0080977 0.0368449 17.3302
199 0.0180612 0.0381705 17.4369
200 0.0091342 0.0348783 17.5312
201 0.0068694 0.0328061 17.6212
202 0.0174067 0.0416271 17.7305
203 0.0064178 0.0307477 17.818
204 0.0076117 0.0293746 17.9053
205 0.0102061 0.0333142 17.9992
206 0.0075439 0.0307363 18.0879
207 0.0085084 0.0302472 18.1771
208 0.0061444 0.0312388 18.2648
209 0.0064953 0.0315597 18.3531
210 0.008847 0.0308136 18.4431
211 0.0062694 0.0316991 18.5315
212 0.0068425 0.0319115 18.6204
213 0.0097804 0.029607 18.7102
214 0.0065516 0.0319898 18.7991
215 0.0079742 0.0306599 18.888
216 0.015995 0.0385683 18.993
217 0.0067678 0.0354384 19.0856
218 0.0095925 0.0296632 19.175
219 0.006753 0.0314414 19.2636
220 0.0071417 0.0318297 19.3527
221 0.00842 0.0323387 19.4439
222 0.0071866 0.0318586 19.5333
223 0.0102163 0.0292168 19.6229
224 0.0101711 0.0388709 19.7223
225 0.0179922 0.0396278 19.8303
226 0.0076646 0.0324953 19.9206
227 0.010988 0.0357506 20.0175
228 0.0105852 0.0311894 20.1097
229 0.0079138 0.0321208 20.2
230 0.0110739 0.0303417 20.2916
231 0.0079386 0.0319162 20.3818
232 0.0207756 0.0390488 20.492
233 0.009715 0.0347951 20.5868
234 0.0109279 0.0320477 20.6802
235 0.0086294 0.031447 20.7707
236 0.021343 0.0385823 20.8808
237 0.0110425 0.0297262 20.9718
238 0.0230737 0.0420683 21.0872
239 0.0117437 0.0317195 21.1809
240 0.0115947 0.0301128 21.273
241 0.0097352 0.0331277 21.3661
242 0.0177918 0.0547382 21.4888
243 0.0212495 0.0502793 21.6106
244 0.0096576 0.0329906 21.7036
245 0.0124294 0.0342951 21.8007
246 0.0233855 0.0392554 21.9137
247 0.0302745 0.037102 22.0314
248 0.0167245 0.035459 22.1337
249 0.0127915 0.0312821 22.228
250 0.0132315 0.0313877 22.3229
251 0.0146149 0.0329511 22.4209
252 0.0147582 0.0341285 22.52
253 0.0263739 0.0335896 22.6304
254 0.0186257 0.0324795 22.7318
255 0.0274657 0.0320336 22.8417
256 0.024592 0.0445908 22.9612
257 0.0171294 0.0372274 23.0657
258 0.0205892 0.0361836 23.1727
259 0.0137527 0.0336597 23.2704
260 0.0278645 0.0355819 23.3842
261 0.0202701 0.0333094 23.488
262 0.0208029 0.0370072 23.596
263 0.0146761 0.0337667 23.6946
264 0.0153231 0.0312258 23.7915
265 0.013056 0.0336392 23.8886
266 0.0253718 0.039979 24.0041
267 0.02573 0.0420508 24.1222
268 0.0174349 0.0351099 24.225
269 0.0183209 0.0337767 24.3275
270 0.0164442 0.0327461 24.4268
271 0.0165645 0.0316438 24.5254
272 0.0167783 0.0342232 24.6267
273 0.0163037 0.0340381 24.7272
274 0.0178433 0.0336059 24.8291
275 0.0170875 0.033805 24.9303
276 0.0171681 0.0337316 25.0316
277 0.0185395 0.0340936 25.1345
278 0.01995 0.03438 25.239
279 0.0219709 0.035097 25.3465
280 0.0188053 0.0406138 25.4561
281 0.0196075 0.0353437 25.5612
282 0.0185187 0.0338975 25.664
283 0.0184063 0.0340673 25.7666
284 0.0189985 0.0356789 25.8716
285 0.0188734 0.0357937 25.9766
286 0.0253 0.043087 26.0954
287 0.0190233 0.0356805 26.2005
288 0.0311306 0.0424503 26.3243
289 0.0182076 0.0351327 26.428
290 0.0177716 0.0356504 26.5317
291 0.019808 0.0348207 26.6365
292 0.0177004 0.0368325 26.7412
293 0.0189357 0.0366285 26.8471
294 0.0192759 0.0359887 26.9527
295 0.0180674 0.0365914 27.0576
296 0.018886 0.035121 27.162
297 0.0182284 0.0349288 27.2653
298 0.0196233 0.0393498 27.3746
299 0.0356811 0.0358577 27.4965
300 0.0200981 0.0410237 27.608
301 0.0197854 0.0349608 27.713
302 0.0309625 0.0353508 27.8296
303 0.0236249 0.0364922 27.94
304 0.0213187 0.0371844 28.0489
305 0.022543 0.0400993 28.1619
306 0.0213805 0.0354499 28.2692
307 0.0221761 0.0361379 28.3777
308 0.0207568 0.040213 28.4889
309 0.0367452 0.0380201 28.6141
310 0.0317198 0.0374772 28.7337
311 0.0236682 0.0345701 28.8421
312 0.0564776 0.104691 29.0534
313 0.0369226 0.0821496 29.2227
314 0.0414472 0.0451267 29.3595
315 0.0254427 0.0422546 29.4774
316 0.0221338 0.0364572 29.5863
317 0.0268092 0.0408769 29.7042
318 0.0233624 0.0368094 29.8147
319 0.0221971 0.0372736 29.9244
320 0.0233226 0.0477544 30.0457
321 0.0230648 0.039206 30.1583
322 0.0233956 0.0366597 30.2687
323 0.0245301 0.036776 30.3802
324 0.0340943 0.0369307 30.5015
325 0.0277255 0.0367225 30.6162
326 0.0295033 0.0374664 30.7334
327 0.0245221 0.037089 30.8453
328 0.0236873 0.0372073 30.9563
329 0.0228278 0.0384052 31.068
330 0.0248889 0.0408234 31.184
331 0.0239559 0.037321 31.2955
332 0.0236084 0.0376228 31.4071
333 0.0241286 0.0377853 31.5192
334 0.0299065 0.0387607 31.638
335 0.0253204 0.0374825 31.7512
336 0.0252884 0.0376348 31.8645
337 0.0248119 0.039731 31.9794
338 0.024708 0.0379728 32.0925
339 0.0241487 0.0374946 32.2045
340 0.0402765 0.039312 32.3345
341 0.0254105 0.0386639 32.4489
342 0.0267091 0.0375407 32.5634
343 0.0468894 0.0382261 32.6987
344 0.0262094 0.0379133 32.8132
345 0.0268455 0.0395876 32.93
346 0.0248313 0.0397747 33.0447
347 0.0256533 0.0405593 33.1613
348 0.0304785 0.0387623 33.2809
349 0.0280257 0.0379128 33.397
350 0.0262451 0.0398419 33.5135
351 0.0262326 0.047943 33.6379
352 0.0286821 0.0463017 33.7632
353 0.0272042 0.0387405 33.8795
354 0.0272105 0.0387858 33.9958
355 0.0267607 0.0407648 34.1136
356 0.0273726 0.0390345 34.2304
357 0.0285112 0.0397718 34.3491
358 0.0276858 0.0397278 34.4667
359 0.027007 0.0382734 34.5822
360 0.0317965 0.0388733 34.7032
361 0.02759 0.038273 34.8192
362 0.0281442 0.0394102 34.937
363 0.0418483 0.0394959 35.0687
364 0.0317846 0.0410254 35.1918
365 0.0370767 0.0378091 35.3169
366 0.0303043 0.0389103 35.4364
367 0.0297755 0.0389473 35.5553
368 0.0280812 0.0390892 35.6727
369 0.0275949 0.0428435 35.7934
370 0.0270443 0.0415026 35.9123
371 0.0285497 0.0397283 36.0307
372 0.0390392 0.0652408 36.1852
373 0.0328077 0.0452265 36.3135
374 0.0336145 0.0405905 36.438
375 0.038581 0.0389007 36.5658
376 0.0327086 0.0422409 36.6909
377 0.0346015 0.0411143 36.8169
378 0.0288044 0.0382156 36.9341
379 0.0285567 0.0401093 37.0529
380 0.0289426 0.0415281 37.1736
381 0.0281105 0.0425571 37.2946
382 0.0270542 0.0406798 37.4127
383 0.0305153 0.0383184 37.5318
384 0.0305888 0.0451897 37.6579
385 0.0298821 0.0412616 37.7793
386 0.0367665 0.0385814 37.9051
387 0.0290401 0.0413262 38.0258
388 0.0427311 0.041416 38.1602
389 0.032627 0.038936 38.2819
390 0.0330224 0.0395249 38.4047
391 0.0331991 0.0422389 38.5303
392 0.0373097 0.0468386 38.6647
393 0.0338644 0.0389734 38.7878
394 0.0403141 0.0403 38.9187
395 0.0306415 0.0428245 39.0426
396 0.0459567 0.0419427 39.1809
397 0.0331574 0.0413765 39.3056
398 0.0294368 0.0453357 39.4308
399 0.0303176 0.0391179 39.5506
400 0.0304025 0.0447277 39.6759
401 0.0344674 0.040416 39.8011
402 0.0308152 0.0432553 39.9255
403 0.0283446 0.0427165 40.0469
404 0.0358814 0.0421639 40.1752
405 0.0492302 0.0398819 40.3146
406 0.030499 0.0512194 40.4465
407 0.0347504 0.0412549 40.5727
408 0.0307245 0.0436702 40.6975
409 0.0455293 0.0391356 40.8325
410 0.0336004 0.0414344 40.9579
411 0.0288863 0.0421247 41.0791
412 0.0313461 0.0504231 41.211
413 0.0455276 0.0549071 41.3616
414 0.0409524 0.0425974 41.4954
415 0.0347602 0.0393838 41.6199
416 0.038162 0.0459847 41.7542
417 0.0372554 0.0403324 41.8822
418 0.0299678 0.041259 42.0038
419 0.0308952 0.0423724 42.1274
420 0.0315342 0.0396756 42.249
421 0.034232 0.0417741 42.3753
422 0.0437889 0.0425219 42.512
423 0.031838 0.0397072 42.6337
424 0.030843 0.042714 42.7575
425 0.0343673 0.0401643 42.8824
426 0.0325453 0.0427406 43.0079
427 0.0342167 0.0406146 43.1329
428 0.0334952 0.0404884 43.2571
429 0.0366358 0.0409314 43.3849
430 0.0336747 0.0429882 43.512
431 0.0367032 0.051674 43.6505
432 0.034238 0.0441388 43.7791
433 0.0488009 0.0619699 43.9401
434 0.0462581 0.0512731 44.0878
435 0.0434219 0.0482705 44.2298
436 0.0489354 0.0638104 44.3927
437 0.114764 0.153474 44.7112
438 0.106631 0.13637 45.0045
439 0.0571989 0.0804972 45.1924
440 0.110661 0.101304 45.4546
441 0.121519 0.092277 45.7188
442 0.0366164 0.0422723 45.8479
443 0.0367213 0.0454803 45.9803
444 0.134788 0.0600974 46.2255
445 0.042793 0.0448936 46.3636
446 0.0371027 0.0413149 46.4923
447 0.0504478 0.0420088 46.635
448 0.0482912 0.0509943 46.7846
449 0.0362727 0.0629437 46.934
450 0.0420472 0.0410942 47.0675
451 0.0463182 0.0413307 47.2054
452 0.0373056 0.0436225 47.3366
453 0.0584335 0.0578622 47.5031
454 0.037656 0.042921 47.6341
455 0.0358259 0.0442417 47.7645
456 0.0352667 0.0431119 47.893
457 0.0389166 0.0401119 48.0222
458 0.0364984 0.0415513 48.1505
459 0.0312512 0.0438842 48.276
460 0.0323636 0.0430951 48.4019
461 0.0309808 0.0419246 48.525
462 0.0601319 0.0478205 48.6832
463 0.0342212 0.0445222 48.8122
464 0.0382151 0.0406334 48.9414
465 0.0351829 0.0420918 49.0689
466 0.0340041 0.0433063 49.1966
467 0.035292 0.0406578 49.3228
468 0.0462507 0.0455228 49.465
469 0.0319697 0.0405913 49.5878
470 0.0394829 0.0410475 49.7187
471 0.0308391 0.0430805 49.843
472 0.0322739 0.044622 49.9702
473 0.0423728 0.0405068 50.1035
474 0.0303861 0.042647 50.2267
475 0.0314126 0.0414372 50.3498
476 0.0329721 0.0461442 50.4792
477 0.0402825 0.0426 50.6125
478 0.0318813 0.0399771 50.7347
479 0.0315619 0.0428668 50.8595
480 0.0316713 0.0546082 50.996
481 0.0307443 0.0407362 51.1178
482 0.0299168 0.0427576 51.2407
483 0.0285668 0.0432049 51.3627
484 0.0361446 0.0430281 51.4923
485 0.0522581 0.0728106 51.6675
486 0.0581848 0.0403984 51.8163
487 0.037809 0.0434698 51.9479
488 0.0393754 0.0420202 52.0796
489 0.0300123 0.040033 52.1999
490 0.0289599 0.0414879 52.3205
491 0.0584895 0.04046 52.4698
492 0.0379374 0.0401054 52.598
493 0.0350767 0.0405448 52.7239
494 0.0292541 0.0438754 52.8472
495 0.0292159 0.0410727 52.9677
496 0.0449924 0.0407074 53.1038
497 0.0289445 0.04201 53.225
498 0.0267241 0.0427748 53.3448
499 0.0303088 0.0400239 53.4655
500 0.0287054 0.0429502 53.5873
501 0.0403446 0.0521513 53.73
502 0.0318706 0.0391033 53.8514
503 0.0287588 0.0405452 53.9709
504 0.0465785 0.0482441 54.1161
505 0.0291481 0.0408165 54.2364
506 0.0282089 0.0404706 54.3553
507 0.0274315 0.0422617 54.4754
508 0.0269786 0.0444138 54.5972
509 0.0278761 0.0396126 54.7167
510 0.0297152 0.04008 54.8367
511 0.032676 0.0420025 54.9615
512 0.0315597 0.0449597 55.0883
513 0.0294171 0.0417826 55.2099
514 0.0262394 0.0421643 55.3287
515 0.0262513 0.0414791 55.4468
516 0.0275047 0.0393752 55.564
517 0.03036 0.0405534 55.6852
518 0.0292937 0.0411418 55.8059
519 0.026286 0.0406995 55.9231
520 0.0265117 0.040923 56.0413
521 0.0248377 0.039766 56.1561
522 0.0260842 0.0416809 56.274
523 0.0263065 0.0392965 56.3899
524 0.0245315 0.043141 56.508
525 0.0255263 0.0420564 56.6258
526 0.0438719 0.0430013 56.7631
527 0.0271674 0.0395716 56.8802
528 0.0430576 0.0410669 57.0145
529 0.0381427 0.0393038 57.1423
530 0.025916 0.0442088 57.2629
531 0.0247894 0.0406264 57.3787
532 0.0384064 0.0422917 57.5097
533 0.0245675 0.041879 57.6263
534 0.0249948 0.0419863 57.7437
535 0.0247394 0.0412572 57.8599
536 0.0249386 0.0418685 57.977
537 0.0390254 0.0421376 58.1086
538 0.0240469 0.0398642 58.2227
539 0.026274 0.0396788 58.3389
540 0.024284 0.039234 58.4529
541 0.0255819 0.0389724 58.5677
542 0.0342931 0.0421471 58.6944
543 0.0244308 0.04543 58.8145
544 0.0269353 0.0437414 58.9356
545 0.0259169 0.039196 59.051
546 0.0251212 0.0389848 59.1655
547 0.025586 0.0410483 59.2825
548 0.0240428 0.0384042 59.3953
549 0.0236408 0.0387241 59.5079
550 0.0393248 0.043904 59.6413
551 0.0665818 0.0815229 59.8396
552 0.0701554 0.137581 60.0977
553 0.0270246 0.041726 60.2168
554 0.0258757 0.0425698 60.3355
555 0.0274886 0.0424642 60.4557
556 0.0280559 0.0432199 60.5774
557 0.0249836 0.0403952 60.693
558 0.0210056 0.0389497 60.8033
559 0.0224141 0.0411646 60.9172
560 0.0203445 0.039037 61.027
561 0.0203692 0.0379735 61.1355
562 0.0194224 0.0397475 61.2451
563 0.0351933 0.0379984 61.3686
564 0.0206712 0.0373202 61.477
565 0.0250371 0.0372387 61.5895
566 0.0200917 0.0380765 61.698
567 0.0198172 0.0407733 61.809
568 0.0199249 0.0407461 61.92
569 0.0271127 0.0393781 62.0367
570 0.0215692 0.0381278 62.1468
571 0.0212293 0.0376846 62.2559
572 0.0201886 0.0388241 62.3654
573 0.0211518 0.039265 62.476
574 0.033718 0.0389251 62.599
575 0.0315807 0.0381823 62.7192
576 0.0200214 0.0437115 62.8333
577 0.0192319 0.0393386 62.9421
578 0.0184176 0.040127 63.0509
579 0.0290686 0.0405059 63.1709
580 0.020273 0.0378177 63.2793
581 0.0193006 0.0370665 63.3859
582 0.0380775 0.0469854 63.5213
583 0.0195687 0.0460761 63.6373
584 0.020387 0.0382457 63.7463
585 0.0189471 0.037107 63.8526
586 0.0175831 0.0372029 63.9576
587 0.0210939 0.0372136 64.0662
588 0.0163258 0.0371959 64.17
589 0.0161863 0.041179 64.2777
590 0.0297237 0.0365503 64.3944
591 0.0321638 0.0372952 64.5143
592 0.0295739 0.03722 64.6314
593 0.0173509 0.0367864 64.736
594 0.0155905 0.0365593 64.8383
595 0.0153276 0.0385657 64.9426
596 0.0161271 0.0348896 65.044
597 0.015818 0.0359132 65.1459
598 0.0162995 0.0361411 65.2487
599 0.01678 0.0367228 65.3527
600 0.0149282 0.0355937 65.4535
601 0.0149604 0.0386272 65.5573
602 0.0128334 0.0387712 65.659
603 0.0152412 0.0357299 65.7604
604 0.0150237 0.0353193 65.8611
605 0.0156593 0.0351716 65.9623
606 0.0243318 0.0364469 66.0733
607 0.0127145 0.0384392 66.1748
608 0.0118303 0.045813 66.2829
609 0.0150056 0.0360205 66.3841
610 0.015589 0.0359201 66.4859
611 0.0137725 0.0368329 66.5869
612 0.013465 0.0360466 66.6866
613 0.0136777 0.0360286 66.7865
614 0.0129642 0.036003 66.8858
615 0.0244501 0.0372924 66.9978
616 0.0140229 0.0361755 67.0984
617 0.0132661 0.035538 67.1974
618 0.0138315 0.0371174 67.2987
619 0.0142674 0.0353444 67.3986
620 0.0264988 0.0359603 67.5114
621 0.0180989 0.0549522 67.6346
622 0.0167809 0.0458072 67.7474
623 0.0178174 0.0402303 67.8557
624 0.0131027 0.0410663 67.9602
625 0.0139576 0.0350443 68.0596
626 0.0111971 0.0393542 68.1605
627 0.0100409 0.0354792 68.2563
628 0.0103216 0.0364552 68.3535
629 0.0121658 0.0357165 68.4517
630 0.0184338 0.0392744 68.5596
631 0.0192449 0.0363184 68.6653
632 0.0136405 0.0353892 68.7646
633 0.0133797 0.0370152 68.8653
634 0.0217431 0.0391575 68.9765
635 0.0096592 0.038433 69.0749
636 0.0188637 0.0399857 69.1839
637 0.0113474 0.0355638 69.2812
638 0.0124692 0.0345788 69.3787
639 0.0127297 0.0328833 69.4746
640 0.0193639 0.0410893 69.5855
641 0.0111638 0.0351336 69.682
642 0.0258524 0.0350206 69.7931
643 0.0224193 0.0393585 69.9051
644 0.0096418 0.0347077 69.9998
645 0.0108945 0.0350625 70.096
646 0.0259044 0.0356013 70.2078
647 0.0112583 0.0414273 70.3106
648 0.0179801 0.0403728 70.4192
649 0.0153122 0.146704 70.6314
650 0.0182651 0.0484184 70.7486
651 0.0289823 0.0815228 70.9093
652 0.0101455 0.0475631 71.0172
653 0.0156983 0.0403191 71.1235
654 0.00932269 0.0441943 71.2274
655 0.0172442 0.0539895 71.3488
656 0.00971219 0.0388269 71.4477
657 0.0101565 0.0326179 71.5411
658 0.0164193 0.0690388 71.677
659 0.0086745 0.0414191 71.7773
660 0.00937799 0.0420044 71.879
661 0.012778 0.038583 71.9805
662 0.007181 0.0418856 72.0799
663 0.0069845 0.0347634 72.1719
664 0.00841089 0.0353462 72.266
665 0.00788489 0.0347108 72.3588
666 0.0157864 0.0407043 72.4654
667 0.00850829 0.0337335 72.558
668 0.0067651 0.0350362 72.6501
669 0.0163519 0.0592751 72.776
670 0.0067427 0.0386548 72.8716
671 0.00817379 0.0367262 72.9668
672 0.00920169 0.0395483 73.0659
673 0.0072665 0.0343792 73.1577
674 0.0060752 0.0392517 73.2532
675 0.0078141 0.0350544 73.3463
676 0.0059532 0.0348728 73.4375
677 0.00757329 0.0385558 73.5341
678 0.0106005 0.0385757 73.6334
679 0.010544 0.0346258 73.7288
680 0.0187167 0.0432717 73.8413
681 0.00840719 0.0379315 73.938
682 0.00889219 0.0380962 74.0351
683 0.0073906 0.0448795 74.1379
684 0.00844599 0.0360128 74.2325
685 0.00843219 0.0392109 74.3305
686 0.00644919 0.0408245 74.4279
687 0.0051504 0.0451013 74.5285
688 0.0052172 0.0359193 74.6201
689 0.00794119 0.0377465 74.7159
690 0.0074415 0.0455357 74.8193
691 0.0074664 0.0362613 74.9133
692 0.0050056 0.0352417 75.004
693 0.00748099 0.0354313 75.0973
694 0.0048975 0.0338873 75.1864
695 0.0069372 0.0351762 75.2789
696 0.005183 0.0376892 75.372
697 0.006273 0.0388258 75.4673
698 0.012623 0.0425934 75.5728
699 0.0049835 0.0348214 75.6628
700 0.00453 0.0336803 75.7514
701 0.0045751 0.0347603 75.8411
702 0.0045143 0.0341206 75.93
703 0.0043195 0.0353969 76.02
704 0.0059016 0.0394393 76.1157
705 0.0042034 0.0338929 76.2041
706 0.0057948 0.0326238 76.293
707 0.0040122 0.0343559 76.3816
708 0.0055798 0.0386093 76.4763
709 0.0039446 0.0339954 76.5646
710 0.0039264 0.0335708 76.6523
711 0.0037795 0.0357482 76.7422
712 0.0038121 0.0340149 76.8304
713 0.0037365 0.0338399 76.9184
714 0.0036484 0.0343765 77.0066
715 0.0040216 0.0360883 77.0971
716 0.0060273 0.0544268 77.2079
717 0.0061448 0.0454393 77.3098
718 0.003379 0.0337215 77.3971
719 0.0033554 0.0339544 77.4848
720 0.0035527 0.0548954 77.5936
721 0.0034951 0.035398 77.6828
722 0.0038943 0.042302 77.7793
723 0.0065163 0.0526255 77.8888
724 0.0056226 0.0384174 77.9831
725 0.0036912 0.0376027 78.0748
726 0.0029801 0.0458161 78.1744
727 0.0043828 0.0395985 78.2689
728 0.0032112 0.0363561 78.3587
729 0.0045556 0.0596923 78.4732
730 0.0045825 0.0405043 78.5685
731 0.0095981 0.0401774 78.6686
732 0.0033146 0.0431279 78.7654
733 0.0031388 0.0380806 78.8569
734 0.0065917 0.0525783 78.9665
735 0.0025918 0.0392231 79.0585
736 0.0028401 0.0360698 79.1477
737 0.0027652 0.0353342 79.236
738 0.003031 0.0546946 79.3441
739 0.0030072 0.038768 79.4362
740 0.0040181 0.0393033 79.53
741 0.0030763 0.05264 79.636
742 0.0024224 0.042621 79.7314
743 0.0027405 0.0420988 79.8266
744 0.0025669 0.0508294 79.9303
745 0.0021809 0.0350884 80.018
746 0.002179 0.0349399 80.1053
747 0.002808 0.0382948 80.1969
748 0.002048 0.033274 80.2826
749 0.0020443 0.0336881 80.3686
750 0.001964 0.0327714 80.4536
751 0.0029307 0.0345872 80.5413
752 0.001993 0.0335793 80.6271
753 0.0036429 0.0539077 80.7349
754 0.0021975 0.0332347 80.8205
755 0.0031968 0.0458929 80.92
756 0.0029516 0.0365833 81.0099
757 0.0019325 0.0352484 81.0973
758 0.0015946 0.0399263 81.189
759 0.0024221 0.0585101 81.3001
760 0.0018268 0.0403185 81.3926
761 0.0015596 0.0332714 81.4778
762 0.0017523 0.0398905 81.5697
763 0.0016966 0.0362765 81.6581
764 0.0016384 0.0344947 81.7444
765 0.0015858 0.0424016 81.8386
766 0.0023301 0.0694639 81.9606
767 0.001419 0.0377379 82.0499
768 0.0015417 0.0440174 82.1458
769 0.0015302 0.0399495 82.2375
770 0.0023782 0.0466348 82.3368
771 0.0014661 0.0431442 82.4318
772 0.0026896 0.0575064 82.5422
773 0.0012753 0.0401303 82.6338
774 0.0012706 0.0337996 82.7191
775 0.0014048 0.037412 82.8083
776 0.0014065 0.0376242 82.8975
777 0.0019149 0.036087 82.9858
778 0.0011719 0.0331568 83.0704
779 0.0021079 0.0337511 83.1566
780 0.0027137 0.0502398 83.26
781 0.0011695 0.0314477 83.3429
782 0.0012082 0.0336708 83.4281
783 0.0011957 0.0326814 83.5122
784 0.001683 0.0515236 83.6157
785 0.0077282 0.0391056 83.7127
786 0.0010816 0.0324931 83.7966
787 0.0010961 0.0331531 83.8811
788 0.0011763 0.0352769 83.9679
789 0.0010648 0.0333739 84.0527
790 0.0011118 0.0355483 84.1395
791 0.0019007 0.0441931 84.236
792 0.0014269 0.0580225 84.3458
793 0.0010221 0.0331658 84.4304
794 0.0009714 0.0325372 84.5142
795 0.000952801 0.0395595 84.6049
796 0.0013865 0.0311457 84.6925
797 0.001529 0.033758 84.7781
798 0.0008936 0.0328173 84.8622
799 0.0009575 0.0321767 84.9456
800 0.0012432 0.051946 85.0493
801 0.000883701 0.033284 85.1338
802 0.0008142 0.0337122 85.2187
803 0.0008097 0.0330198 85.303
804 0.0013243 0.048499 85.4032
805 0.0008674 0.0322393 85.4867
806 0.0009083 0.0357323 85.5737
807 0.0007583 0.0334691 85.6581
808 0.0007193 0.0332652 85.7425
809 0.0007091 0.0309023 85.8244
810 0.0007002 0.0330435 85.9085
811 0.0006217 0.033095 85.9925
812 0.0010909 0.0511705 86.0952
813 0.000609 0.0326811 86.1788
814 0.0005862 0.03349 86.263
815 0.0006182 0.0344168 86.3482
816 0.000579 0.0334643 86.4325
817 0.000591 0.0327304 86.5162
818 0.0005118 0.032718 86.5998
819 0.0005963 0.0324609 86.683
820 0.000548 0.0324721 86.7664
821 0.0005088 0.0329042 86.8502
822 0.000803901 0.0593272 86.9606
823 0.0006087 0.0335935 87.0453
824 0.0005011 0.0320471 87.1282
825 0.0004276 0.0327659 87.2116
826 0.0004613 0.0328776 87.2954
827 0.0004328 0.0326245 87.3789
828 0.0050127 0.0331154 87.4672
829 0.0003907 0.0330713 87.5511
830 0.0004095 0.0328769 87.6348
831 0.000411 0.0329165 87.7185
832 0.0003779 0.0405026 87.8096
833 0.0003111 0.039946 87.9001
834 0.0003338 0.0328774 87.9837
835 0.0003554 0.0333388 88.0676
836 0.000514 0.0490123 88.1674
837 0.0003373 0.0345134 88.2525
838 0.0004931 0.0447759 88.3482
839 0.0003051 0.033083 88.4317
840 0.0004616 0.0508365 88.5332
841 0.0002891 0.0509259 88.6346
842 0.0002806 0.039826 88.7249
843 0.0002581 0.0349576 88.8103
844 0.0002602 0.0439333 88.9046
845 0.0011156 0.0399202 88.9961
846 0.0002544 0.0329349 89.0796
847 0.0002347 0.0335931 89.1636
848 0.000242 0.0446573 89.2588
849 0.0002337 0.0375562 89.3469
850 0.0002493 0.038189 89.4357
851 0.00033 0.0378799 89.5242
852 0.0004678 0.0309388 89.6058
853 0.0002849 0.0305468 89.6869
854 0.000472 0.047133 89.7849
855 0.0002116 0.033022 89.8685
856 0.0002393 0.0329295 89.9519
857 0.0002331 0.0323025 90.0346
858 0.0002017 0.032468 90.1177
859 0.0001885 0.0342721 90.2025
860 0.0003233 0.0483341 90.3015
861 0.0003157 0.0536253 90.4057
862 0.0009999 0.0472754 90.5043
863 0.001164 0.0320077 90.5877
864 0.0020845 0.0525007 90.6927
865 0.0002053 0.0336149 90.7767
866 0.0002063 0.030833 90.8581
867 0.000192 0.0331106 90.9417
868 0.0002115 0.0308301 91.0229
869 0.0001423 0.0340043 91.1073
870 0.0001687 0.0325992 91.1904
871 0.0001761 0.0330136 91.2739
872 0.000364 0.050626 91.3752
873 0.0001639 0.0311732 91.4567
874 0.0001488 0.0333947 91.5406
875 0.0001729 0.0310074 91.622
876 0.0003975 0.0309774 91.7038
877 0.0001494 0.0321789 91.7864
878 0.0002627 0.0480571 91.885
879 0.000296 0.0520641 91.9876
880 0.0011743 0.034282 92.0733
881 0.0001317 0.0320973 92.1559
882 0.0003156 0.031227 92.2377
883 0.0020884 0.0503591 92.3404
884 0.0001412 0.0342696 92.425
885 0.0001243 0.0397584 92.5151
886 0.0001336 0.0381729 92.6038
887 0.0015944 0.0420067 92.6978
888 0.000169401 0.0379982 92.7863
889 0.0001693 0.0411668 92.878
890 0.0002725 0.040505 92.9689
891 0.0001729 0.0334715 93.053
892 0.0001881 0.0323765 93.1358
893 0.0001174 0.0326673 93.219
894 0.0001764 0.040595 93.3099
895 0.0001739 0.0321052 93.3925
896 0.0001455 0.0318075 93.4749
897 0.0001418 0.032772 93.558
898 0.0034248 0.0403046 93.652
899 0.0002166 0.0498444 93.7524
900 0.0001428 0.0375867 93.8404
901 0.0001493 0.0329056 93.9239
902 0.0001762 0.0333834 94.0076
903 0.0001642 0.0328103 94.0909
904 0.0001275 0.033154 94.1745
905 0.0001524 0.0340047 94.2589
906 0.000153 0.0341468 94.3436
907 0.0001566 0.0357874 94.4297
908 0.0002264 0.060827 94.5411
909 0.0001381 0.0324348 94.624
910 0.0001361 0.0308488 94.7051
911 0.0006725 0.0356635 94.7918
912 0.000162 0.030768 94.8729
913 0.0002123 0.0497531 94.9731
914 0.0001089 0.0377613 95.0613
915 0.0001297 0.0331208 95.1448
916 0.0002083 0.0457122 95.241
917 0.000149 0.0323755 95.3239
918 0.0001461 0.0309666 95.4052
919 0.0005315 0.0340219 95.49
920 0.0001262 0.0330112 95.5733
921 0.0003406 0.0428484 95.6667
922 0.0001666 0.0327857 95.75
923 0.0001317 0.0344059 95.8348
924 0.0001287 0.0324435 95.9175
925 0.0001464 0.0325304 96.0004
926 0.0001269 0.0331339 96.084
927 0.0001782 0.0321562 96.1665
928 0.000242 0.0501078 96.2673
929 0.0001281 0.033363 96.3512
930 0.0002123 0.0459787 96.4477
931 0.0001298 0.0321572 96.5304
932 0.000131 0.0319662 96.6128
933 0.0001169 0.0326911 96.6958
934 0.0001472 0.0318163 96.778
935 0.0001091 0.0322038 96.8607
936 0.0001293 0.0324759 96.9436
937 0.0002461 0.0464664 97.0405
938 0.0001907 0.0429324 97.134
939 0.0002192 0.0485283 97.2331
940 0.0002261 0.0583018 97.342
941 0.0001548 0.0307008 97.423
942 0.0001923 0.0508748 97.5243
943 0.0001931 0.0505437 97.6255
944 0.0001297 0.0331299 97.7091
945 0.0001331 0.0330953 97.7927
946 0.0001652 0.0346287 97.8779
947 0.000242 0.0445187 97.9729
948 0.0003543 0.0491401 98.0729
949 0.0003342 0.055105 98.1787
950 0.0002316 0.0448686 98.2742
951 0.0001243 0.0330888 98.3576
952 0.0001398 0.032846 98.441
953 0.0001238 0.0311668 98.5225
954 0.0001636 0.0308686 98.6037
955 0.0065195 0.0329918 98.6936
956 0.0001223 0.0307331 98.7748
957 0.0002386 0.0549364 98.8805
958 0.0001241 0.0321533 98.9631
959 0.0002241 0.0429352 99.0564
960 0.0017291 0.0384177 99.147
961 0.0001388 0.0322201 99.2296
962 0.0001223 0.0332836 99.3133
963 0.000122 0.0326411 99.3965
964 0.000133601 0.0326185 99.4796
965 0.0002088 0.0548733 99.585
966 0.0002313 0.0497403 99.6852
967 0.0001418 0.0326013 99.7683
968 0.0002216 0.0469242 99.8657
969 0.0001388 0.0368171 99.9529
970 0.0002214 0.0444486 100.048
971 0.0001169 0.0322892 100.13
972 0.0001374 0.0342345 100.215
973 0.0001914 0.0473932 100.313
974 0.0002268 0.0458552 100.409
975 9.78e-05 0.0330686 100.493
976 0.0001601 0.0377338 100.581
977 0.0001296 0.0329699 100.664
978 0.000118 0.0320782 100.747
979 0.0001209 0.032015 100.829
980 0.0001154 0.0326665 100.912
981 0.0001184 0.0335671 100.996
982 0.000138 0.0325435 101.079
983 0.0001441 0.0327216 101.162
984 0.0001873 0.033267 101.246
985 0.0001204 0.0320155 101.329
986 0.0001963 0.0592122 101.438
987 0.0020266 0.0330387 101.524
988 0.0001257 0.0326922 101.607
989 0.0001169 0.0331785 101.691
990 0.0001169 0.0325241 101.774
991 0.0002512 0.0561213 101.88
992 0.0001161 0.0376466 101.969
993 0.0001154 0.0327148 102.052
994 0.0001941 0.0450475 102.147
995 0.0002112 0.0562009 102.254
996 0.0014706 0.041308 102.347
997 0.0002199 0.0464919 102.444
998 0.0001915 0.0587259 102.553
999 0.0001133 0.0326364 102.636
1000 0.0001562 0.0337753 102.721
1001 0.0013828 0.03586 102.808
1002 0.0001192 0.0328809 102.892
1003 0.0002346 0.0607416 103.003
1004 8.97e-05 0.0325395 103.086
1005 0.0001191 0.0325645 103.168
1006 0.0001923 0.0327492 103.252
1007 0.0001347 0.0319704 103.334
1008 0.0001151 0.0321557 103.416
1009 0.0001178 0.0322367 103.499
1010 0.0001629 0.0354436 103.585
1011 0.0064434 0.0345727 103.676
1012 0.0012962 0.0365834 103.764
1013 0.0001099 0.0321168 103.847
1014 0.0001638 0.04783 103.945
1015 0.0001126 0.0326415 104.028
1016 0.0001482 0.0345361 104.113
1017 0.000119 0.0332109 104.197
1018 0.000111 0.032359 104.28
1019 0.0001302 0.032058 104.362
1020 0.0001727 0.0327869 104.445
1021 0.0003084 0.0482394 104.544
1022 0.0001381 0.0337 104.629
1023 0.0001132 0.0313178 104.71
1024 0.0001093 0.037087 104.798
1025 0.0001457 0.0317416 104.88
1026 0.000142 0.0319557 104.962
1027 0.0001261 0.0342017 105.047
1028 0.0001143 0.0351376 105.133
1029 0.0001518 0.0326473 105.216
1030 0.0001119 0.0323408 105.299
1031 0.0001016 0.0320619 105.381
1032 0.000139 0.033659 105.465
1033 0.0002072 0.0475477 105.563
1034 0.0001423 0.0352405 105.649
1035 0.0001221 0.0323591 105.732
1036 0.0001273 0.0502228 105.833
1037 0.0003491 0.0323095 105.915
1038 0.0001761 0.0408923 106.007
1039 0.000114 0.0334356 106.091
1040 0.0001134 0.0375688 106.179
1041 0.0001136 0.0327915 106.262
1042 0.0001212 0.0325541 106.345
1043 0.0001539 0.0327058 106.428
1044 0.0002077 0.0446963 106.523
1045 0.0001274 0.0328873 106.607
1046 0.0001069 0.0377169 106.695
1047 0.0001737 0.0457638 106.791
1048 0.0001102 0.0331326 106.875
1049 0.0002671 0.0551595 106.981
1050 0.0001115 0.0331262 107.064
1051 0.0001111 0.0323678 107.147
1052 9.84e-05 0.0321407 107.229
1053 0.000112 0.0324716 107.312
1054 0.0001072 0.0318991 107.395
1055 0.0001087 0.0335168 107.479
1056 0.000255 0.0577172 107.587
1057 0.0013317 0.0316836 107.67
1058 0.0001228 0.0323024 107.753
1059 0.0002186 0.075783 107.879
1060 0.0001115 0.0334171 107.963
1061 0.0001139 0.0325053 108.046
1062 0.0001505 0.0408269 108.137
1063 0.0019999 0.0457556 108.235
1064 0.0001213 0.0330091 108.319
1065 0.003353 0.0344673 108.407
1066 0.0001121 0.031219 108.488
1067 0.0004805 0.0309718 108.57
1068 0.0081618 0.0347285 108.663
1069 0.0001031 0.0324904 108.746
1070 0.0001173 0.0324785 108.829
1071 0.0002094 0.0443044 108.924
1072 0.0001092 0.031075 109.005
1073 0.0002623 0.0341162 109.09
1074 0.0001123 0.0329347 109.173
1075 0.0001102 0.0307378 109.254
1076 0.0010422 0.0321227 109.338
1077 0.0019611 0.0559725 109.446
1078 0.0001144 0.0328196 109.529
1079 0.0001107 0.0321267 109.612
1080 0.0014697 0.033358 109.697
1081 0.000113 0.0321963 109.779
1082 0.000127 0.0319835 109.862
1083 0.0001351 0.0323754 109.945
1084 0.000113101 0.032999 110.028
1085 0.0001937 0.0447327 110.123
1086 0.0001107 0.031545 110.205
1087 0.0004232 0.0307664 110.287
