TimeStep Temps_Avancement Temps_Affichage Temps_Simulation
417 1.19e-05 0.21184 0.263937
418 5.7e-06 0.03055 0.344741
419 2.5e-05 0.0383274 0.433309
420 1.57e-05 0.0371386 0.520694
421 1.62e-05 0.0336967 0.604604
422 2.96e-05 0.0322914 0.687073
423 2.18e-05 0.0267748 0.764213
424 2.68e-05 0.0270305 0.841572
425 7.06e-05 0.0345527 0.926521
426 4.17e-05 0.0329808 1.00977
427 4.64e-05 0.0293782 1.08939
428 4.62e-05 0.0267078 1.16652
429 5.46e-05 0.0255995 1.24254
430 5.74e-05 0.0276049 1.3206
431 6.93e-05 0.0257682 1.39681
432 0.0001102 0.0255592 1.4727
433 7.77e-05 0.0286696 1.5518
434 8.02e-05 0.0254142 1.6275
435 0.0001511 0.0263725 1.70441
436 9.03e-05 0.0318058 1.78654
437 0.0004468 0.0432334 1.88049
438 0.0001068 0.0268905 1.95776
439 0.000119 0.0294004 2.03763
440 0.0001748 0.0270315 2.11519
441 0.0001385 0.0475075 2.2132
442 0.0001569 0.0271129 2.29065
443 0.000270601 0.0984616 2.43956
444 0.000268901 0.114586 2.60459
445 0.000263201 0.100172 2.75524
446 0.000334401 0.0524889 2.8582
447 0.000189801 0.0398459 2.94838
448 0.0002378 0.0363698 3.03519
449 0.000257601 0.029807 3.11558
450 0.000310801 0.035012 3.20114
451 0.000330701 0.0292967 3.28112
452 0.000270601 0.0250182 3.35683
453 0.000302801 0.0262964 3.43378
454 0.000355001 0.0249164 3.50935
455 0.000356801 0.0281009 3.58801
456 0.000346802 0.024757 3.66333
457 0.000371701 0.0255422 3.73956
458 0.000405301 0.025373 3.8157
459 0.000433202 0.0274319 3.89378
460 0.000807302 0.0266511 3.97145
461 0.000476801 0.0517511 4.07396
462 0.0013379 0.0492087 4.175
463 0.000491001 0.0270137 4.25285
464 0.000500202 0.0250087 4.32861
465 0.000593102 0.0264329 4.40598
466 0.000536402 0.0247499 4.48146
467 0.000550102 0.0475321 4.57979
468 0.00152531 0.0466044 4.6782
469 0.0010718 0.040963 4.7704
470 0.000608302 0.0365281 4.85774
471 0.000747702 0.0393007 4.94795
472 0.000808003 0.0312154 5.03028
473 0.000826002 0.0309663 5.11228
474 0.000955603 0.0292024 5.19284
475 0.000926603 0.0264246 5.27058
476 0.000769102 0.0266721 5.34843
477 0.000849303 0.0416651 5.44125
478 0.000838902 0.044225 5.53679
479 0.000797703 0.0247968 5.61276
480 0.000880003 0.0344788 5.69857
481 0.00180701 0.0369619 5.78756
482 0.000921803 0.0264337 5.86522
483 0.000944903 0.0409089 5.95735
484 0.00185651 0.0548056 6.06427
485 0.000945703 0.027104 6.14268
486 0.00135501 0.0298654 6.22412
487 0.0014091 0.0266809 6.30258
488 0.0013882 0.0264001 6.3806
489 0.0012065 0.0257096 6.45789
490 0.0010832 0.0269927 6.53616
491 0.00133131 0.0275621 6.61527
492 0.0012535 0.0254098 6.69213
493 0.0011866 0.0267683 6.77043
494 0.001202 0.0255917 6.8476
495 0.0012933 0.0364727 6.93562
496 0.0014364 0.0251501 7.01239
497 0.0012724 0.0254807 7.08956
498 0.0013088 0.0266142 7.16786
499 0.001416 0.0284806 7.24816
500 0.003088 0.0570191 7.35864
501 0.0015648 0.0274394 7.43803
502 0.0014377 0.0257096 7.51551
503 0.0020919 0.0410708 7.60892
504 0.00257 0.0257715 7.68765
505 0.0015876 0.0432878 7.78286
506 0.0015507 0.041743 7.87642
507 0.0064416 0.0464832 7.97974
508 0.0017939 0.0251821 8.0569
509 0.0016712 0.0275297 8.13646
510 0.0018484 0.0247598 8.21323
511 0.0017181 0.0259051 8.29105
512 0.0017798 0.0374196 8.38063
513 0.0018137 0.0257027 8.45849
514 0.0023919 0.0257494 8.53693
515 0.0036962 0.0393494 8.63021
516 0.0038059 0.0388025 8.72316
517 0.0044608 0.0519127 8.82974
518 0.0019557 0.0407074 8.92259
519 0.0020599 0.0281097 9.00314
520 0.0020652 0.0261271 9.08168
521 0.0021195 0.0254318 9.15957
522 0.0032321 0.0256768 9.23885
523 0.0021014 0.0269123 9.31804
524 0.0021679 0.0248759 9.3953
525 0.00225 0.0255374 9.47343
526 0.0026021 0.0283662 9.55483
527 0.0025609 0.0268966 9.63461
528 0.0050228 0.0465285 9.73653
529 0.0049247 0.0390551 9.83081
530 0.0051262 0.0514231 9.93776
531 0.0026504 0.0265881 10.0173
532 0.0056312 0.0509819 10.1242
533 0.0045553 0.0417059 10.2208
534 0.0061012 0.054202 10.3313
535 0.0028389 0.0276685 10.4121
536 0.002747 0.0257308 10.4908
537 0.0084587 0.0366185 10.5863
538 0.0031897 0.0274832 10.6674
539 0.0030793 0.0253966 10.7462
540 0.0033253 0.0258945 10.8257
541 0.0115671 0.0473615 10.935
542 0.005388 0.0361972 11.0267
543 0.0082092 0.0386883 11.1239
544 0.0092103 0.0465506 11.2302
545 0.0034479 0.0258556 11.31
546 0.004405 0.0276296 11.3922
547 0.0064529 0.0978936 11.5468
548 0.0059252 0.0488176 11.6517
549 0.0045355 0.0337854 11.7402
550 0.0063383 0.0334794 11.8302
551 0.0050325 0.0368099 11.9224
552 0.0047006 0.0282147 12.0056
553 0.0045189 0.0283624 12.0888
554 0.0118044 0.0321811 12.1831
555 0.0039966 0.0260879 12.2636
556 0.0041217 0.0279892 12.3461
557 0.0043764 0.0258874 12.4267
558 0.0052966 0.0257802 12.5081
559 0.0055188 0.0260346 12.59
560 0.0058433 0.026679 12.6729
561 0.0103368 0.0540248 12.7876
562 0.0051567 0.0278479 12.871
563 0.0046738 0.0277538 12.9538
564 0.0048304 0.0274044 13.0364
565 0.0049673 0.0276135 13.1192
566 0.0065776 0.027015 13.2031
567 0.0047426 0.0278059 13.286
568 0.0048733 0.0273123 13.3685
569 0.0049588 0.0277559 13.4514
570 0.0048112 0.0277155 13.5343
571 0.0051908 0.0269691 13.6168
572 0.0127182 0.03336 13.7131
573 0.0051617 0.0275568 13.7962
574 0.0053102 0.0267586 13.8785
575 0.0122226 0.0360857 13.9771
576 0.0132411 0.0391298 14.0799
577 0.0054701 0.026855 14.1625
578 0.006191 0.0259251 14.2448
579 0.0130391 0.0333795 14.3415
580 0.0320828 0.0344477 14.4585
581 0.0071418 0.0258359 14.5418
582 0.0073236 0.0260825 14.6254
583 0.0072638 0.0257573 14.7088
584 0.0077319 0.0257135 14.7925
585 0.0074966 0.0290993 14.8795
586 0.0065364 0.0267539 14.9629
587 0.0063064 0.0279728 15.0475
588 0.006642 0.0258716 15.1304
589 0.0069378 0.0278635 15.2157
590 0.0066704 0.0285375 15.301
591 0.0065869 0.0275062 15.3853
592 0.0067854 0.0273219 15.4698
593 0.0074398 0.0273873 15.555
594 0.0145083 0.0365436 15.6562
595 0.0087852 0.0256762 15.7411
596 0.0089442 0.0267358 15.8269
597 0.0083027 0.0275485 15.9131
598 0.237092 0.0333786 16.2338
599 0.0196551 0.036673 16.3405
600 0.0216486 0.0333443 16.4457
601 0.007667 0.0276028 16.5313
602 0.0197054 0.0364526 16.6377
603 0.0215383 0.0411741 16.7507
604 0.0094762 0.0353906 16.8458
605 0.0139183 0.0395004 16.9494
606 0.0203478 0.0304581 17.0504
607 0.0124016 0.0279408 17.141
608 0.0152605 0.0437383 17.2505
609 0.0086696 0.0288345 17.3384
610 0.0103337 0.0260059 17.4251
611 0.0106516 0.0271182 17.513
612 0.0089451 0.0281855 17.6005
613 0.0088932 0.0276281 17.6874
614 0.0213074 0.03274 17.7917
615 0.0253028 0.0385904 17.906
616 0.0108725 0.0273694 17.9944
617 0.0098057 0.0281264 18.0828
618 0.0095153 0.0298551 18.1724
619 0.0111965 0.0261218 18.2599
620 0.0117842 0.0288381 18.3509
621 0.0108727 0.0267381 18.4387
622 0.0114468 0.0262457 18.5266
623 0.0107683 0.0276671 18.6154
624 0.0100632 0.0279884 18.7038
625 0.0121796 0.0262545 18.7926
626 0.0210236 0.0490156 18.913
627 0.0100814 0.0292126 19.0027
628 0.0116702 0.026493 19.0912
629 0.0123328 0.0278836 19.1818
630 0.021692 0.0357745 19.2895
631 0.0132804 0.0278659 19.3808
632 0.0113188 0.0309129 19.4734
633 0.013054 0.028033 19.5649
634 0.0112572 0.028272 19.6548
635 0.0132941 0.0277355 19.7461
636 0.0118447 0.0283838 19.8368
637 0.0132156 0.0261133 19.9265
638 0.0126199 0.0274024 20.0169
639 0.0257993 0.0344141 20.1273
640 0.012428 0.0346152 20.2248
641 0.0136701 0.0284042 20.3173
642 0.0153796 0.0262662 20.4093
643 0.017555 0.0282815 20.5054
644 0.0137707 0.0274791 20.597
645 0.0142376 0.0286469 20.6903
646 0.0145154 0.02804 20.7832
647 0.01484 0.026574 20.875
648 0.0144349 0.0290047 20.9688
649 0.0148774 0.0277369 21.0617
650 0.0128916 0.0284759 21.1534
651 0.0150979 0.0266008 21.2453
652 0.0131034 0.0285439 21.3371
653 0.0195153 0.0387103 21.4455
654 0.0299377 0.0354337 21.5612
655 0.018386 0.0264263 21.6564
656 0.0159479 0.0283374 21.751
657 0.01582 0.0285364 21.9141
658 0.0334049 0.0302667 22.0281
659 0.0219502 0.0371737 22.1376
660 0.016284 0.0284282 22.2326
661 0.0162641 0.0265983 22.3258
662 0.0334547 0.0324112 22.442
663 0.0164814 0.0285079 22.5371
664 0.0162626 0.0269855 22.6308
665 0.0172456 0.0272431 22.7255
666 0.0404 0.0451282 22.8613
667 0.0474386 0.0356808 22.9947
668 0.0174233 0.0319372 23.0943
669 0.0178635 0.0275019 23.19
670 0.0176718 0.0291919 23.2873
671 0.017573 0.0286059 23.3837
672 0.0178649 0.0316595 23.4836
673 0.0353218 0.0381568 23.6074
674 0.0244257 0.0294522 23.7115
675 0.0364017 0.0286468 23.8268
676 0.0238347 0.033371 23.9344
677 0.0183486 0.0273235 24.0304
678 0.0193877 0.0349953 24.1352
679 0.0195824 0.0295896 24.2346
680 0.0197669 0.0289689 24.3337
681 0.0205262 0.0298471 24.4345
682 0.0357008 0.0337131 24.5542
683 0.0201102 0.0351785 24.6597
684 0.0230702 0.0283512 24.7615
685 0.0235609 0.029437 24.865
686 0.0201912 0.0270498 24.9626
687 0.0202822 0.0272436 25.0604
688 0.0213865 0.0323731 25.1645
689 0.0200548 0.0291604 25.2641
690 0.0274504 0.0362858 25.3781
691 0.0312675 0.0296021 25.4894
692 0.0280277 0.0313436 25.5991
693 0.0220888 0.0306405 25.7021
694 0.0392426 0.0337428 25.8253
695 0.0249441 0.0305381 25.931
696 0.02175 0.0275598 26.0307
697 0.0215224 0.0295271 26.1321
698 0.0223195 0.0286662 26.2335
699 0.0233031 0.0283464 26.3353
700 0.0218698 0.0292188 26.4366
701 0.0218962 0.028916 26.5378
702 0.0242745 0.0402083 26.6525
703 0.0258788 0.0277481 26.7563
704 0.0265616 0.0356178 26.8689
705 0.0226159 0.0295145 26.9712
706 0.0238764 0.0281345 27.0734
707 0.0248277 0.0305212 27.1791
708 0.0230832 0.029121 27.2815
709 0.0254307 0.0464355 27.4035
710 0.0282048 0.0272337 27.5092
711 0.0291491 0.0437241 27.6323
712 0.0227008 0.0294913 27.7347
713 0.0243806 0.029883 27.8394
714 0.0265667 0.0315825 27.9479
715 0.024707 0.0291548 28.0521
716 0.025122 0.028526 28.1561
717 0.0268857 0.0294546 28.2628
718 0.0251044 0.0307941 28.3689
719 0.0267981 0.0274426 28.4735
720 0.0268395 0.0287218 28.5793
721 0.0254307 0.0291661 28.6843
722 0.0271411 0.0346245 28.7962
723 0.0255761 0.0298848 28.902
724 0.0270838 0.0273255 29.0068
725 0.0273048 0.0301423 29.1146
726 0.0264054 0.0296743 29.2211
727 0.0286887 0.0295317 29.3298
728 0.0261977 0.0296452 29.4359
729 0.0281946 0.0279647 29.5423
730 0.0417504 0.02983 29.6642
731 0.0279711 0.0302489 29.7726
732 0.0290695 0.0294456 29.8815
733 0.0310681 0.0278991 29.9908
734 0.0293722 0.0293137 30.0999
735 0.0290878 0.0278522 30.2072
736 0.0291584 0.0330853 30.3199
737 0.0307339 0.0307462 30.4316
738 0.0329255 0.02842 30.5431
739 0.0291374 0.0297371 30.6524
740 0.0314448 0.029551 30.7638
741 0.0316356 0.0291008 30.8748
742 0.0303602 0.0300889 30.9855
743 0.0320107 0.0287114 31.0963
744 0.0321771 0.0280244 31.2067
745 0.0302724 0.0299156 31.3172
746 0.0416063 0.030028 31.4392
747 0.0305763 0.0323178 31.5523
748 0.0309793 0.0278974 31.6614
749 0.0303464 0.030052 31.7721
750 0.0310558 0.0297544 31.8833
751 0.03132 0.0283713 31.9932
752 0.0704683 0.0330096 32.1471
753 0.0321398 0.0278577 32.2575
754 0.0317054 0.031358 32.3709
755 0.0313214 0.0302154 32.4829
756 0.0312294 0.0304196 32.5948
757 0.03005 0.030086 32.7051
758 0.0587878 0.0307301 32.8449
759 0.0497542 0.0291024 32.9742
760 0.032211 0.0308926 33.0876
761 0.0332277 0.0315618 33.2027
762 0.0321222 0.028502 33.3137
763 0.0331568 0.0297831 33.4268
764 0.0319703 0.0305307 33.5397
765 0.032724 0.0301942 33.653
766 0.0327077 0.0313114 33.7673
767 0.0336636 0.0287758 33.88
768 0.0536695 0.0387719 34.0228
769 0.034909 0.0303738 34.1384
770 0.0330867 0.0303424 34.2522
771 0.0351531 0.0308238 34.3685
772 0.0330774 0.0297622 34.4815
773 0.0336777 0.0287292 34.5942
774 0.0337768 0.0291779 34.7075
775 0.0334852 0.0308532 34.8223
776 0.0333622 0.0313031 34.9373
777 0.0363164 0.0308278 35.0548
778 0.0333908 0.0309061 35.1694
779 0.0335315 0.0300575 35.2834
780 0.0355627 0.0288641 35.3981
781 0.0339475 0.0286369 35.5109
782 0.0539188 0.0344024 35.6495
783 0.0351493 0.0305175 35.7654
784 0.0358012 0.0295854 35.8812
785 0.0359577 0.0287965 35.9961
786 0.0359615 0.0293458 36.1117
787 0.0353478 0.029775 36.227
788 0.0418845 0.0306073 36.3498
789 0.0370979 0.0302572 36.4675
790 0.0379598 0.0334956 36.5893
791 0.0511888 0.0332939 36.7241
792 0.0397824 0.0481696 36.8622
793 0.0846164 0.0535184 37.0505
794 0.108697 0.041345 37.2509
795 0.0438254 0.0302826 37.3752
796 0.0456026 0.0312757 37.5026
797 0.0356029 0.0313916 37.6197
798 0.0358079 0.0320193 37.738
799 0.0366336 0.0314259 37.8564
800 0.0373595 0.0385023 37.9826
801 0.0368959 0.0303446 38.1002
802 0.0380938 0.0324388 38.2211
803 0.0363069 0.0308803 38.3386
804 0.0688962 0.0309229 38.4888
805 0.0796003 0.0313774 38.6502
806 0.0404755 0.0312321 38.772
807 0.0691012 0.0312487 38.9228
808 0.0504733 0.0307786 39.0544
809 0.0372859 0.0312847 39.1734
810 0.0389095 0.0296322 39.2923
811 0.0390343 0.0292443 39.4109
812 0.0451903 0.0379328 39.5444
813 0.0439546 0.0353398 39.6738
814 0.0465278 0.0342331 39.8048
815 0.043004 0.0362325 39.9342
816 0.0429434 0.0362998 40.0636
817 0.0388492 0.0306325 40.1833
818 0.0407799 0.0308169 40.3052
819 0.0408927 0.0297026 40.4262
820 0.038264 0.0319057 40.5465
821 0.0367656 0.0292831 40.663
822 0.0560172 0.0312126 40.8004
823 0.0360984 0.0306081 40.9174
824 0.0366342 0.0306384 41.0351
825 0.0368145 0.0327425 41.155
826 0.0434978 0.0307712 41.2795
827 0.0518684 0.0291237 41.4107
828 0.0527436 0.0290078 41.5427
829 0.0563738 0.0320196 41.6812
830 0.0388231 0.0340376 41.8043
831 0.042753 0.035457 41.9326
832 0.0428015 0.0435408 42.0692
833 0.0399253 0.031013 42.1904
834 0.0359213 0.0307236 42.3073
835 0.0438911 0.0310612 42.4326
836 0.0540886 0.0307062 42.5677
837 0.0613613 0.0292363 42.7088
838 0.0400278 0.0293772 42.8285
839 0.0518596 0.0294826 42.9601
840 0.0373677 0.0292171 43.0768
841 0.0374209 0.0300193 43.1945
842 0.0385691 0.0289538 43.3124
843 0.0400262 0.0308893 43.4337
844 0.0364141 0.0304674 43.5507
845 0.0359434 0.0348666 43.6719
846 0.0361439 0.0311104 43.7895
847 0.0524586 0.036074 43.9283
848 0.0365562 0.0294152 44.0444
849 0.0414265 0.0306199 44.167
850 0.0362962 0.0309518 44.2846
851 0.0362879 0.0303616 44.4016
852 0.0362537 0.0307405 44.519
853 0.0361131 0.0307751 44.636
854 0.0359583 0.0313245 44.7537
855 0.0365833 0.030653 44.8713
856 0.0530488 0.0456638 45.0204
857 0.0375438 0.042089 45.1502
858 0.0384633 0.03263 45.2716
859 0.0425189 0.0305397 45.3949
860 0.0524384 0.0311652 45.5288
861 0.0365185 0.0292924 45.6449
862 0.0372142 0.0305875 45.7629
863 0.0570737 0.0306152 45.9007
864 0.0421267 0.0445267 46.0376
865 0.0498562 0.0366403 46.1743
866 0.04094 0.0295356 46.295
867 0.0357521 0.0289479 46.4099
868 0.0368349 0.0314857 46.5286
869 0.0355131 0.0289137 46.6432
870 0.0366742 0.028613 46.7589
871 0.0380131 0.0291141 46.8762
872 0.0377464 0.0294986 46.9937
873 0.0394086 0.0446335 47.128
874 0.0468476 0.0304678 47.2557
875 0.0377732 0.0319312 47.3756
876 0.0394228 0.0289831 47.4943
877 0.0389195 0.0283906 47.612
878 0.0345998 0.0302377 47.7271
879 0.0354321 0.0294802 47.8423
880 0.0534522 0.0287712 47.9748
881 0.0620006 0.032387 48.1196
882 0.0346316 0.0298016 48.2344
883 0.0339522 0.0305491 48.3491
884 0.0334691 0.0292811 48.4622
885 0.0336552 0.0286758 48.5748
886 0.0327441 0.0305897 48.6884
887 0.0329855 0.0308264 48.8025
888 0.0329056 0.030839 48.9165
889 0.0327543 0.0298593 49.0294
890 0.0516917 0.0284676 49.1598
891 0.0468578 0.0305037 49.2875
892 0.034159 0.029595 49.4016
893 0.0330576 0.0283585 49.5134
894 0.0319822 0.0295771 49.6253
895 0.0320123 0.0305686 49.7382
896 0.0310508 0.036968 49.8566
897 0.0471156 0.0301776 49.9841
898 0.0552527 0.036173 50.126
899 0.0303796 0.0307062 50.2375
900 0.0308675 0.0290006 50.3477
901 0.0506819 0.0351998 50.484
902 0.0642601 0.0366072 50.6351
903 0.0521938 0.0296199 50.7673
904 0.0307599 0.0279575 50.8762
905 0.0298513 0.0303669 50.9867
906 0.0451056 0.0297921 51.1118
907 0.0427386 0.0298327 51.2348
908 0.0299916 0.0309718 51.346
909 0.0279879 0.0302906 51.4545
910 0.029373 0.0300681 51.5643
911 0.0281426 0.0300115 51.6728
912 0.0295299 0.0300276 51.7827
913 0.0560317 0.0396444 51.9288
914 0.0288814 0.0297754 52.0379
915 0.0500686 0.0343182 52.1725
916 0.0323445 0.0296568 52.2847
917 0.0286037 0.0285492 52.3921
918 0.0578895 0.0397327 52.5401
919 0.0279275 0.0296262 52.6479
920 0.0271008 0.031279 52.7564
921 0.0278889 0.0303661 52.865
922 0.0281151 0.0317161 52.9751
923 0.0464258 0.0318517 53.1038
924 0.0278923 0.0289473 53.2108
925 0.0298529 0.0293993 53.3206
926 0.0267681 0.0275847 53.4251
927 0.0265227 0.0295277 53.5316
928 0.0435744 0.0336432 53.6592
929 0.0433817 0.0313506 53.7843
930 0.0256753 0.0291704 53.8893
931 0.0266725 0.0292815 53.9955
932 0.041521 0.0337118 54.1212
933 0.0268597 0.0292422 54.2275
934 0.0372516 0.0367121 54.3516
935 0.023872 0.0295875 54.4554
936 0.0290717 0.0375814 54.5722
937 0.0274597 0.028591 54.6785
938 0.0263376 0.0312591 54.7867
939 0.0270676 0.0287774 54.8927
940 0.0283706 0.0303835 55.0017
941 0.0238125 0.0309825 55.1069
942 0.0266769 0.0303102 55.214
943 0.0246441 0.0302647 55.3193
944 0.0224753 0.0293104 55.4214
945 0.0246542 0.0275897 55.5241
946 0.0245347 0.0286682 55.6274
947 0.0234396 0.0298775 55.7309
948 0.0224151 0.0296619 55.8332
949 0.0221974 0.0289752 55.9348
950 0.0401783 0.0383153 56.0635
951 0.0268204 0.0292077 56.1698
952 0.0260716 0.028284 56.2744
953 0.025581 0.0346351 56.3848
954 0.0233051 0.0294943 56.488
955 0.0229226 0.0279803 56.5892
956 0.0225313 0.0284467 56.6906
957 0.0389998 0.0273831 56.8073
958 0.0220188 0.0398967 56.9196
959 0.020176 0.0290237 57.0191
960 0.0195037 0.033425 57.1225
961 0.0210052 0.0300971 57.224
962 0.0217443 0.0288126 57.325
963 0.0210998 0.0286864 57.4251
964 0.0211283 0.0273328 57.5239
965 0.0212579 0.0280743 57.6236
966 0.0411528 0.0326969 57.7478
967 0.0372269 0.0329885 57.8683
968 0.0355015 0.0369065 57.9909
969 0.0217413 0.0323626 58.0954
970 0.021855 0.0284163 58.196
971 0.0214785 0.0276811 58.2954
972 0.019078 0.0274721 58.3923
973 0.0372389 0.0287327 58.5085
974 0.0297438 0.0341635 58.6227
975 0.0183182 0.0301159 58.7215
976 0.039077 0.0546951 58.8656
977 0.0175499 0.0287551 58.9624
978 0.0336741 0.028814 59.0753
979 0.0199607 0.0278574 59.1735
980 0.0173142 0.029072 59.2702
981 0.0170619 0.0298972 59.3675
982 0.0289688 0.0322694 59.4789
983 0.0172563 0.0273341 59.5739
984 0.0168155 0.0292015 59.6701
985 0.0169559 0.0298434 59.7673
986 0.0224371 0.0380975 59.878
987 0.0151987 0.0288161 59.9723
988 0.0163592 0.0283947 60.0675
989 0.0159679 0.0270191 60.1607
990 0.0144449 0.0392456 60.2646
991 0.0165833 0.0269094 60.3584
992 0.0201154 0.0324142 60.4612
993 0.0159925 0.0278919 60.5555
994 0.0154252 0.0284081 60.6495
995 0.0165268 0.0294471 60.7456
996 0.0148227 0.02781 60.8387
997 0.0152717 0.0284537 60.9327
998 0.0331266 0.0431983 61.0592
999 0.0222005 0.0369338 61.1686
1000 0.0143267 0.028112 61.2614
1001 0.0127056 0.0293651 61.3539
1002 0.0144874 0.0266776 61.4453
1003 0.0264641 0.0419724 61.5642
1004 0.0160182 0.0569841 61.6874
1005 0.0166813 0.0283047 61.7827
1006 0.0183526 0.0323593 61.8837
1007 0.0144063 0.0281948 61.9765
1008 0.0137417 0.0287507 62.0694
1009 0.0137069 0.0274548 62.1608
1010 0.011986 0.0295736 62.2528
1011 0.0132351 0.0272795 62.3435
1012 0.0124654 0.0284757 62.4348
1013 0.0233841 0.0438696 62.5523
1014 0.0164542 0.0339507 62.6531
1015 0.0135676 0.0268427 62.7437
1016 0.0308463 0.0416401 62.8665
1017 0.0321566 0.0270955 62.9759
1018 0.0127513 0.0285943 63.0677
1019 0.0132376 0.0266388 63.1578
1020 0.0132856 0.0280512 63.2495
1021 0.0131719 0.0265847 63.3394
1022 0.0143928 0.0301637 63.4342
1023 0.0132654 0.0271059 63.5249
1024 0.012713 0.033739 63.6216
1025 0.0122743 0.0274961 63.7116
1026 0.0118431 0.0286423 63.8025
1027 0.0118936 0.0274489 63.8922
1028 0.0119346 0.0297934 63.9842
1029 0.0127927 0.0265174 64.0738
1030 0.0245246 0.0357999 64.1843
1031 0.0192978 0.050354 64.3044
1032 0.0189008 0.0350883 64.4087
1033 0.0114444 0.0274299 64.4979
1034 0.0101812 0.0284189 64.5869
1035 0.0117439 0.027122 64.6759
1036 0.0113201 0.029356 64.7667
1037 0.0192954 0.0336528 64.8699
1038 0.0125317 0.0261416 64.9589
1039 0.0131462 0.0304316 65.0529
1040 0.0111131 0.0269206 65.1412
1041 0.0111913 0.0269082 65.2297
1042 0.0092576 0.0281648 65.3174
1043 0.020711 0.0419748 65.4304
1044 0.0190663 0.0352971 65.5352
1045 0.0115847 0.0274633 65.6245
1046 0.011664 0.0300615 65.7165
1047 0.010062 0.0276106 65.8043
1048 0.0100823 0.0272456 65.892
1049 0.0109665 0.0281802 65.9815
1050 0.00852931 0.028171 66.0685
1051 0.0127264 0.0461955 66.1777
1052 0.0106235 0.0299561 66.2685
1053 0.0106124 0.0265448 66.356
1054 0.00976901 0.0264688 66.4425
1055 0.00962141 0.0290066 66.5314
1056 0.00808591 0.0335195 66.6233
1057 0.0175983 0.0323076 66.7236
1058 0.00996941 0.0276194 66.8115
1059 0.00770661 0.0319513 66.9015
1060 0.00869481 0.0274496 66.988
1061 0.00948881 0.0262707 67.0742
1062 0.00949651 0.0273718 67.1612
1063 0.00754771 0.0281934 67.2473
1064 0.00714481 0.0282552 67.3331
1065 0.00769781 0.0286416 67.4197
1066 0.00974331 0.0267004 67.5064
1067 0.0149059 0.0399321 67.6115
1068 0.0126877 0.0343287 67.7091
1069 0.00979721 0.0284214 67.7977
1070 0.00674511 0.0278909 67.8828
1071 0.00693131 0.0279529 67.9681
1072 0.00665241 0.0279033 68.053
1073 0.00894931 0.0266512 68.1388
1074 0.00828201 0.0263454 68.2238
1075 0.00938151 0.0276561 68.3111
1076 0.012246 0.0461876 68.4199
1077 0.0137568 0.033971 68.518
1078 0.00622381 0.0280423 68.6026
1079 0.00630591 0.0333289 68.6924
1080 0.00801741 0.0259773 68.7767
1081 0.00694101 0.0276253 68.8616
1082 0.00616201 0.0443529 68.9623
1083 0.00595691 0.0275893 69.0462
1084 0.00571141 0.0281894 69.1304
1085 0.00598461 0.0509602 69.2376
1086 0.00943971 0.0422041 69.3395
1087 0.00838031 0.026313 69.4244
1088 0.00734671 0.0330031 69.5152
1089 0.0054553 0.0281702 69.5992
1090 0.00941341 0.0466963 69.7056
1091 0.00725961 0.0270912 69.7902
1092 0.00783601 0.0261881 69.8746
1093 0.00714491 0.0263246 69.9584
1094 0.00666901 0.0263876 70.0418
1095 0.00674241 0.0263316 70.1251
1096 0.00693071 0.0258419 70.2082
1097 0.00627051 0.0429862 70.3077
1098 0.0112919 0.03885 70.408
1099 0.00627551 0.0263017 70.491
1100 0.00649151 0.0266156 70.5744
1101 0.00642611 0.0262533 70.6573
1102 0.00674011 0.026416 70.7409
1103 0.00642661 0.0262664 70.8238
1104 0.00597541 0.026292 70.9064
1105 0.00611891 0.026087 70.989
1106 0.00615381 0.0261708 71.0717
1107 0.0043256 0.0282119 71.1546
1108 0.0040784 0.0277788 71.2367
1109 0.0041307 0.0275796 71.3188
1110 0.0036528 0.0503713 71.4232
1111 0.00587221 0.0259583 71.5054
1112 0.0054375 0.0280875 71.5892
1113 0.0054547 0.0263701 71.6712
1114 0.0033145 0.0278174 71.7525
1115 0.0035944 0.0274979 71.8339
1116 0.003964 0.0404562 71.9285
1117 0.003115 0.0259548 72.0078
1118 0.00511521 0.0274694 72.0907
1119 0.00763711 0.0473606 72.1961
1120 0.003078 0.0337659 72.2834
1121 0.0027801 0.0261003 72.3626
1122 0.0028073 0.0277244 72.4434
1123 0.0034821 0.0260953 72.5234
1124 0.0051691 0.0266891 72.6055
1125 0.0025632 0.0273263 72.6857
1126 0.0044284 0.0374796 72.7778
1127 0.0030882 0.0277603 72.859
1128 0.0039363 0.0296892 72.9429
1129 0.0037528 0.0260957 73.0231
1130 0.002199 0.0279283 73.1037
1131 0.0022341 0.0279348 73.1842
1132 0.0022335 0.0260128 73.2628
1133 0.0020747 0.0260437 73.3413
1134 0.0038548 0.0258269 73.4212
1135 0.0042588 0.0296063 73.5054
1136 0.0019809 0.0276076 73.5854
1137 0.0018123 0.0255494 73.6632
1138 0.0016827 0.026203 73.7414
1139 0.0036679 0.0261687 73.8214
1140 0.0017291 0.0278687 73.9014
1141 0.001454 0.0272783 73.9803
1142 0.0014437 0.0256079 74.0578
1143 0.0031318 0.0259651 74.1372
1144 0.0014624 0.0270134 74.2161
1145 0.0014043 0.0260833 74.2939
1146 0.0015172 0.0255534 74.3714
1147 0.0012299 0.0275711 74.4505
1148 0.0020985 0.043021 74.5458
1149 0.0020514 0.0490003 74.6471
1150 0.0011349 0.0392724 74.7379
1151 0.0012403 0.0275515 74.8169
1152 0.0013667 0.0385057 74.9071
1153 0.0008494 0.0276553 74.986
1154 0.0011278 0.0269695 75.0645
1155 0.0011108 0.0256118 75.1415
1156 0.0013434 0.0268274 75.22
1157 0.00102 0.0289338 75.3003
1158 0.0009661 0.0254084 75.377
1159 0.0009501 0.0269202 75.4554
1160 0.0009965 0.0275365 75.5343
1161 0.000963 0.026026 75.6116
1162 0.0010232 0.0270364 75.6899
1163 0.0010028 0.0291667 75.7703
1164 0.0008441 0.0286604 75.85
1165 0.0009125 0.0493 75.9506
1166 0.001239 0.0423993 76.0446
1167 0.0005505 0.02566 76.121
1168 0.0007614 0.0273015 76.1993
1169 0.0010727 0.0522387 76.303
1170 0.0006494 0.0436961 76.3976
1171 0.0007459 0.025851 76.4744
1172 0.0008409 0.0271333 76.5526
1173 0.0003737 0.0257801 76.6291
1174 0.000806 0.0255808 76.7059
1175 0.0010555 0.0381125 76.7953
1176 0.0005293 0.0258811 76.8721
1177 0.0004994 0.0278036 76.9508
1178 0.0005648 0.0269157 77.0285
1179 0.0008444 0.0454418 77.1252
1180 0.000717099 0.0274196 77.2036
1181 0.0003379 0.0298796 77.284
1182 0.0006969 0.0394314 77.3745
1183 0.0006031 0.0312334 77.4568
1184 0.0004689 0.0457116 77.5533
1185 0.0003607 0.0358624 77.6397
1186 0.0003815 0.0440714 77.7346
1187 0.0006772 0.0256089 77.8112
1188 0.0004718 0.0272007 77.8891
1189 0.0004482 0.0277216 77.9676
1190 0.0004383 0.0281924 78.0464
1191 0.0004744 0.027898 78.1252
1192 0.000642 0.029591 78.2056
1193 0.0004896 0.0286867 78.2851
1194 0.0006847 0.0286675 78.3648
1195 0.0006956 0.0286706 78.4444
1196 0.0014522 0.0286248 78.5249
1197 0.0003867 0.0477589 78.6233
1198 0.0006532 0.043973 78.7183
1199 0.0005106 0.0286596 78.7976
1200 0.0004921 0.0255232 78.874
1201 0.0004186 0.0279452 78.9527
1202 0.0007185 0.0397124 79.0434
1203 0.0009621 0.0548592 79.1494
1204 0.0003484 0.0281186 79.2281
1205 0.0002485 0.0257919 79.3044
1206 0.0004132 0.0273156 79.3823
1207 0.0005109 0.0260985 79.4591
1208 0.0006415 0.0319718 79.5419
1209 0.0006662 0.0483157 79.6411
1210 0.0004582 0.0379884 79.73
1211 0.0004338 0.026225 79.8068
1212 0.0004125 0.0270599 79.8845
1213 0.0004031 0.0260213 79.9612
1214 0.0002753 0.0256979 80.0376
1215 0.0005172 0.026023 80.1145
1216 0.0004096 0.0291472 80.1944
1217 0.0005991 0.0265735 80.2719
1218 0.0003964 0.0268599 80.3496
1219 0.0004456 0.0267765 80.427
1220 0.0008659 0.0260607 80.5043
1221 0.0004033 0.027354 80.5824
1222 0.000452 0.0263227 80.6594
1223 0.0007804 0.0259056 80.7365
1224 0.000411 0.0283708 80.8156
1225 0.0003907 0.0290146 80.8953
1226 0.0004405 0.0256741 80.9718
1227 0.0003818 0.0274008 81.0499
1228 0.0005867 0.0543212 81.1551
1229 0.0005215 0.0359127 81.2419
1230 0.0005132 0.0271285 81.3199
1231 0.0005171 0.0262132 81.3969
1232 0.000634899 0.0533579 81.5013
1233 0.000514 0.0333466 81.5855
1234 0.0004166 0.0254441 81.6616
1235 0.0010856 0.0560965 81.7693
1236 0.0003817 0.0260703 81.8459
1237 0.0007719 0.055134 81.9521
1238 0.000346 0.0257366 82.0286
1239 0.0004749 0.0422781 82.1217
1240 0.0003684 0.0502489 82.2227
1241 0.0008185 0.0493904 82.3233
1242 0.0003411 0.0277789 82.4017
1243 0.0003967 0.0307551 82.4832
1244 0.000370301 0.0256219 82.5594
1245 0.000714 0.0259845 82.6364
1246 0.0003679 0.0261927 82.7133
1247 0.0004414 0.0259867 82.7899
1248 0.000422 0.0321241 82.873
1249 0.0003554 0.0282763 82.9519
1250 0.0003958 0.0255669 83.0282
1251 0.0003741 0.026121 83.1051
1252 0.0004441 0.0271143 83.183
1253 0.0003611 0.0257828 83.2594
1254 0.000677401 0.0312199 83.3417
1255 0.0002737 0.0273822 83.4195
1256 0.000344 0.0255828 83.4956
1257 0.0003663 0.0282277 83.5746
1258 0.0003546 0.0276078 83.6529
1259 0.0003311 0.0271655 83.7307
1260 0.0003542 0.0267187 83.8081
1261 0.0004604 0.0270608 83.8858
1262 0.0004165 0.0256333 83.9622
1263 0.0003285 0.0258197 84.0387
1264 0.0003663 0.0270773 84.1165
1265 0.0008029 0.0543952 84.2221
1266 0.0003789 0.0578415 84.3305
1267 0.0003777 0.0343606 84.4156
1268 0.0003553 0.0263183 84.4924
1269 0.0005025 0.0266119 84.5699
1270 0.0003707 0.0256203 84.6462
1271 0.0005005 0.0266786 84.7238
1272 0.0003517 0.0276226 84.8021
1273 0.0003665 0.0273657 84.8801
1274 0.0003027 0.0258135 84.9566
1275 0.0003975 0.0277439 85.0351
1276 0.0004783 0.0254048 85.1112
1277 0.0003191 0.0258411 85.1878
1278 0.0003206 0.0269905 85.2654
1279 0.000695301 0.0530764 85.3694
1280 0.0003944 0.0406282 85.4608
1281 0.0001807 0.0260187 85.5372
1282 0.0003199 0.026514 85.6144
1283 0.0003844 0.0264812 85.6914
1284 0.0003363 0.0272834 85.7694
1285 0.0003352 0.0256223 85.8455
1286 0.0002277 0.0261158 85.9222
1287 0.0004226 0.0273631 86.0002
1288 0.0003263 0.0258749 86.0766
1289 0.0007935 0.025931 86.1536
1290 0.0003342 0.0260966 86.2304
1291 0.0002901 0.0455139 86.3264
1292 0.0005228 0.0375923 86.4149
1293 0.0003421 0.0357828 86.5013
1294 0.0003306 0.0272053 86.579
1295 0.0003278 0.0262306 86.6558
1296 0.0002534 0.0272534 86.7337
1297 0.0005062 0.0503222 86.8348
1298 0.0003777 0.0488759 86.9343
1299 0.0004419 0.0382211 87.0232
1300 0.0005224 0.0416344 87.1156
1301 0.0003853 0.0271467 87.1934
1302 0.0006722 0.0257001 87.2701
1303 0.0003253 0.0270081 87.3479
1304 0.0003305 0.0283172 87.4267
1305 0.0008637 0.0258395 87.5038
1306 0.0003035 0.025972 87.5804
1307 0.000333801 0.0460285 87.6769
1308 0.0007998 0.0343277 87.7624
1309 0.0003084 0.0256391 87.8387
1310 0.0004027 0.026636 87.9234
1311 0.0002472 0.02771 88.0017
1312 0.0003843 0.0339798 88.0866
1313 0.0003978 0.0256789 88.163
1314 0.0002756 0.0263132 88.24
1315 0.0004165 0.0270565 88.3179
1316 0.0004372 0.0257947 88.3944
1317 0.0003241 0.0256008 88.4707
1318 0.0004971 0.0508696 88.5723
1319 0.0002821 0.0445379 88.6675
1320 0.0003277 0.0257721 88.744
1321 0.0001808 0.0413776 88.8358
1322 0.0004908 0.0490911 88.9358
1323 0.000523 0.0464898 89.033
1324 0.0003238 0.0257544 89.1092
1325 0.0005283 0.0263314 89.1864
1326 0.0006238 0.0372416 89.2745
1327 0.0003175 0.0271644 89.3523
1328 0.0003206 0.0432084 89.4462
1329 0.0006211 0.0257547 89.5229
1330 0.0005248 0.051091 89.6249
1331 0.0002662 0.058321 89.7338
1332 0.0002943 0.0279702 89.8124
1333 0.0003127 0.025706 89.8888
1334 0.0003486 0.0268046 89.9663
1335 0.0005853 0.0280064 90.0453
1336 0.0003815 0.0255874 90.1214
1337 0.0003847 0.0262823 90.1985
1338 0.0003207 0.0256206 90.2748
1339 0.0003605 0.0271471 90.3527
1340 0.0002616 0.0261937 90.4296
1341 0.000512 0.0272352 90.5075
1342 0.000294 0.0311139 90.5892
1343 0.0003373 0.027139 90.667
1344 0.000312 0.0285064 90.7461
1345 0.0005511 0.0542926 90.8512
1346 0.0002912 0.0463325 90.9481
1347 0.0006938 0.0558216 91.055
1348 0.0002937 0.027179 91.1327
1349 0.0003655 0.0415853 91.2251
1350 0.000551 0.0365999 91.3127
1351 0.0003087 0.0260972 91.3893
1352 0.000316 0.0271485 91.467
1353 0.0003133 0.0259316 91.5435
1354 0.0004178 0.0356634 91.6299
1355 0.0003677 0.0259712 91.7066
1356 0.0005493 0.039033 91.7965
1357 0.0004298 0.0257112 91.8823
1358 0.0005947 0.0266448 91.9598
1359 0.0006505 0.0260157 92.0369
1360 0.0002831 0.0294275 92.1168
1361 0.0005367 0.0550039 92.2227
1362 0.0005153 0.0411642 92.3147
1363 0.0003198 0.0411528 92.4066
1364 0.0004071 0.0267896 92.4841
1365 0.000311 0.0255536 92.5602
1366 0.0003828 0.0451108 92.656
1367 0.0003193 0.0451782 92.7519
1368 0.0003547 0.0263196 92.8289
1369 0.0003157 0.0259687 92.9054
1370 0.0002916 0.0274461 92.9835
1371 0.0002804 0.0256575 93.0596
1372 0.0008196 0.0257782 93.1366
1373 0.0003121 0.0259484 93.2133
1374 0.000257 0.0265195 93.2904
1375 0.0003956 0.026787 93.3678
1376 0.0002375 0.0321135 93.4506
1377 0.0002833 0.0259839 93.5271
1378 0.0005835 0.0375406 93.6155
1379 0.0003916 0.0283244 93.6947
1380 0.0001943 0.0347078 93.7797
1381 0.0001864 0.0334511 93.8636
1382 0.0003403 0.0356788 93.95
1383 0.0002796 0.0259229 94.0264
1384 0.0007821 0.0265989 94.1041
1385 0.0002821 0.028572 94.1832
1386 0.0002519 0.0280369 94.2618
1387 0.0001469 0.0260559 94.3383
1388 0.0002802 0.0278496 94.4168
1389 0.0003093 0.0265021 94.4938
1390 0.0001767 0.0260014 94.5703
1391 0.0003356 0.0432787 94.6643
1392 0.0004054 0.0463026 94.7613
1393 0.0001919 0.0273838 94.8393
1394 0.0003256 0.0271069 94.9169
1395 0.0003491 0.0258949 94.9933
1396 0.0005749 0.0254706 95.0696
1397 0.0002825 0.0274729 95.1478
1398 0.0002855 0.0265785 95.2251
1399 0.0003704 0.0272873 95.3031
1400 0.0004295 0.0400354 95.3938
1401 0.0004951 0.0573923 95.502
1402 0.000307 0.0275351 95.5802
1403 0.0004108 0.0363618 95.6675
1404 0.0002936 0.0267977 95.7449
1405 0.0003027 0.0260572 95.8215
1406 0.0005055 0.0352669 95.9077
1407 0.0004099 0.027972 95.9863
1408 0.0003368 0.0499653 96.0871
1409 0.0003077 0.0268569 96.1646
1410 0.0002725 0.026217 96.2413
1411 0.0003338 0.0288898 96.3207
1412 0.0004681 0.0292503 96.4007
1413 0.000385 0.0444242 96.4959
1414 0.0003643 0.0254528 96.5719
1415 0.0002816 0.0271064 96.6497
1416 0.0003582 0.0277634 96.7282
1417 0.0003539 0.0427758 96.8217
1418 0.0003604 0.0509464 96.9233
1419 0.0004495 0.038262 97.0123
1420 0.0001837 0.0262757 97.089
1421 0.0002951 0.0275154 97.1672
1422 0.0002689 0.0259802 97.2436
1423 0.0003788 0.0263902 97.3208
1424 0.0003002 0.0261785 97.3977
1425 0.0002868 0.0257526 97.4741
1426 0.0002442 0.0273545 97.5518
1427 0.0002716 0.0257945 97.6283
1428 0.0003659 0.0259098 97.7047
1429 0.0002449 0.0269666 97.7824
1430 0.0002693 0.0256306 97.8586
1431 0.0003157 0.0275071 97.9368
1432 0.0005005 0.0260871 98.0137
1433 0.0003096 0.0307947 98.095
1434 0.0004045 0.0419592 98.1878
1435 0.0002666 0.0295993 98.268
1436 0.0004639 0.0472413 98.3659
1437 0.0003556 0.0300544 98.4465
1438 0.0003974 0.0309543 98.5282
1439 0.0002971 0.0275755 98.6064
1440 0.00048 0.0471543 98.7045
1441 0.0003453 0.0293098 98.7845
1442 0.0004272 0.0601038 98.8952
1443 0.0001397 0.0267848 98.9724
1444 0.0002653 0.028878 99.0519
1445 0.0004622 0.0267143 99.1293
1446 0.0001377 0.0265888 99.2064
1447 0.0004509 0.029851 99.2871
1448 0.000409 0.043216 99.3809
1449 0.0003191 0.026136 99.4578
1450 0.0002523 0.0270205 99.5354
1451 0.0003458 0.0258695 99.612
1452 0.0002468 0.0270525 99.6896
1453 0.0003971 0.0537688 99.794
1454 0.000144 0.0260857 99.8704
1455 0.0001519 0.026961 99.9479
1456 0.0004196 0.0415494 100.04
1457 0.0003989 0.0415423 100.132
1458 0.0002654 0.026123 100.209
1459 0.000397 0.0291153 100.289
1460 0.0002963 0.0287704 100.368
1461 0.0004276 0.0427626 100.461
1462 0.0002964 0.0260964 100.538
1463 0.0002678 0.0275667 100.616
1464 0.0002419 0.0281335 100.695
1465 0.0003192 0.0253765 100.771
1466 0.0002498 0.0301455 100.852
1467 0.000241 0.0258163 100.928
1468 0.0002962 0.0259872 101.005
1469 0.0004422 0.0269578 101.082
1470 0.0002798 0.0440745 101.177
1471 0.0006964 0.0526982 101.281
1472 0.0005912 0.0556673 101.388
1473 0.0002694 0.0265789 101.465
