TimeStep Temps_Avancement Temps_Affichage Temps_Simulation
1 0.0001948 0.169408 0.221169
2 8.17e-05 0.0469641 0.318424
3 6.18e-05 0.487003 0.855811
4 8.07e-05 0.0279145 0.935382
5 9.15e-05 0.0309033 1.01665
6 0.000149 0.0433283 1.11029
7 0.0001413 0.0345142 1.19515
8 8.32e-05 0.0393596 1.28479
9 6.11e-05 0.0503511 1.38554
10 0.0001431 0.0520069 1.48792
11 0.000125 0.0401975 1.57854
12 9.65e-05 0.0253589 1.6542
13 0.0001219 0.0290293 1.7336
14 0.0003052 0.041401 1.82569
15 0.0001384 0.0297089 1.90605
16 0.0001621 0.0266547 1.98319
17 0.0001737 0.0309085 2.06461
18 0.0001328 0.0313431 2.1465
19 0.0001506 0.0251401 2.22196
20 0.0001489 0.0249918 2.29751
21 0.0001534 0.0276873 2.37568
22 0.0001776 0.0300706 2.45612
23 0.000146 0.0266409 2.53326
24 0.000196 0.028261 2.6119
25 0.0002035 0.0318296 2.69417
26 0.0001747 0.02585 2.77037
27 0.0002522 0.0278789 2.84874
28 0.000234 0.029059 2.92823
29 0.0001801 0.045754 3.02431
30 0.0001891 0.0364438 3.11121
31 0.0002555 0.0327173 3.19448
32 0.0003656 0.0403208 3.28544
33 0.0002674 0.0365172 3.37241
34 0.0003295 0.0322599 3.45526
35 0.0003127 0.0259708 3.53191
36 0.0002589 0.0261439 3.60872
37 0.0002645 0.0270954 3.68637
38 0.0002892 0.0298915 3.76691
39 0.0002814 0.031098 3.84852
40 0.0002903 0.0316475 3.93068
41 0.0006132 0.0424505 4.02397
42 0.0004288 0.037054 4.11177
43 0.0003295 0.0255031 4.1878
44 0.0003943 0.0360181 4.2746
45 0.0003476 0.0267631 4.35189
46 0.0004061 0.0317788 4.43448
47 0.0004241 0.0349355 4.52002
48 0.0005136 0.0361339 4.60689
49 0.0004051 0.0252373 4.68287
50 0.000534599 0.03469 4.76825
51 0.000392199 0.0302873 4.8491
52 0.000453 0.0329478 4.93281
53 0.0004591 0.0336255 5.01723
54 0.0005077 0.0330243 5.10112
55 0.000614899 0.0271522 5.17917
56 0.0004547 0.0250877 5.25488
57 0.0007133 0.102239 5.45757
58 0.0007948 0.118924 5.62747
59 0.0005654 0.0901774 5.85757
60 0.0012931 0.0962432 6.00536
61 0.0016415 0.0676611 6.12495
62 0.0006883 0.040966 6.21692
63 0.0006388 0.0346993 6.3024
64 0.0007992 0.044907 6.39847
65 0.000599 0.0344961 6.48381
66 0.0007291 0.0346089 6.56954
67 0.000956299 0.037861 6.65868
68 0.0007374 0.0355672 6.74528
69 0.0007902 0.0423332 6.83862
70 0.0020402 0.0761213 6.96701
71 0.0007495 0.0561859 7.07412
72 0.0008419 0.0407306 7.16586
73 0.0008411 0.0324399 7.24939
74 0.0007645 0.0336557 7.33414
75 0.0008867 0.0390122 7.42441
76 0.0009518 0.0372719 7.5128
77 0.0009003 0.0312193 7.59527
78 0.0009136 0.0454058 7.69177
79 0.0012449 0.0350789 7.77827
80 0.0008547 0.0341978 7.86348
81 0.0009004 0.0341074 7.94877
82 0.0009089 0.0345679 8.03463
83 0.0008732 0.0448639 8.1306
84 0.0012806 0.0614331 8.24352
85 0.0009888 0.0514266 8.34613
86 0.0013483 0.0453728 8.44303
87 0.0009984 0.0333564 8.52771
88 0.0009862 0.0339918 8.61291
89 0.0016743 0.0404444 8.7053
90 0.002279 0.0385863 8.7965
91 0.0010703 0.0374549 8.88523
92 0.0014648 0.0421554 8.97918
93 0.0012741 0.0354173 9.06603
94 0.0013906 0.0373401 9.15507
95 0.0015602 0.0269009 9.2338
96 0.0012783 0.0389671 9.3243
97 0.0015653 0.0362854 9.41236
98 0.0015305 0.0328333 9.49707
99 0.0014295 0.0317504 9.58058
100 0.0013948 0.03178 9.66399
101 0.001575 0.028941 9.74476
102 0.0025074 0.0522839 9.8498
103 0.0030154 0.038304 9.94137
104 0.001539 0.0590568 10.0522
105 0.0024954 0.0535318 10.1584
106 0.0016815 0.0368046 10.2471
107 0.0015948 0.0366282 10.3356
108 0.0038867 0.0353956 10.4251
109 0.0028032 0.0355389 10.5137
110 0.0020502 0.0347808 10.6008
111 0.0032421 0.0627882 10.717
112 0.0028214 0.0741391 10.8442
113 0.0025671 0.0376044 10.9347
114 0.0024879 0.038853 11.0263
115 0.0020181 0.0334097 11.112
116 0.0022792 0.0325784 11.1971
117 0.0034168 0.0393937 11.2904
118 0.0026753 0.0323974 11.3758
119 0.0023152 0.0322876 11.4607
120 0.002455 0.0344569 11.5479
121 0.0030881 0.0552772 11.6565
122 0.0033129 0.0513038 11.7613
123 0.0034227 0.0377282 11.8526
124 0.0042576 0.0333188 11.9404
125 0.0032258 0.0343743 12.0284
126 0.0036477 0.0353184 12.1177
127 0.0048352 0.0328279 12.2057
128 0.0025964 0.0379789 12.2967
129 0.002711 0.0291861 12.379
130 0.0025887 0.0278126 12.4597
131 0.0026461 0.0259569 12.5386
132 0.0052157 0.0408017 12.6349
133 0.0047807 0.0277649 12.7177
134 0.0083494 0.0421434 12.8186
135 0.0081144 0.0490899 12.9262
136 0.0051517 0.0390443 13.0206
137 0.0034421 0.0268393 13.1013
138 0.0051312 0.0267906 13.1835
139 0.004095 0.0290878 13.267
140 0.0040541 0.0280098 13.3494
141 0.0030999 0.0288373 13.4316
142 0.0030599 0.0342068 13.5194
143 0.0054331 0.030526 13.6056
144 0.0032354 0.0280575 13.6871
145 0.0050945 0.0304242 13.773
146 0.003166 0.02661 13.8529
147 0.0047704 0.0314341 13.9394
148 0.0045797 0.0312382 14.0255
149 0.0036162 0.0291827 14.1087
150 0.0033179 0.0315043 14.1939
151 0.0033949 0.0308657 14.2784
152 0.0071234 0.0417828 14.3777
153 0.0064702 0.0513573 14.486
154 0.0050133 0.0272147 14.5686
155 0.0090098 0.0535438 14.6815
156 0.0034082 0.0293519 14.7645
157 0.0049866 0.0297857 14.8497
158 0.0093625 0.0574767 14.9667
159 0.0082907 0.0386377 15.0639
160 0.0150183 0.0489285 15.1781
161 0.0045253 0.0366828 15.2695
162 0.0061869 0.0361224 15.3621
163 0.0042728 0.0343093 15.4509
164 0.0068123 0.0369248 15.5449
165 0.0045307 0.0354689 15.6351
166 0.0071488 0.0354771 15.728
167 0.0047655 0.0426268 15.8258
168 0.0052142 0.029059 15.9104
169 0.0040368 0.0295886 15.9944
170 0.0050912 0.0350998 16.085
171 0.0070036 0.0318127 16.174
172 0.0042561 0.0301912 16.2588
173 0.0049582 0.0305987 16.3445
174 0.0130207 0.0661768 16.4741
175 0.0058311 0.0336008 16.5639
176 0.0049209 0.0311071 16.6502
177 0.0069474 0.0268494 16.7341
178 0.0074305 0.0271061 16.8189
179 0.0070284 0.0318054 16.9081
180 0.0050429 0.0294389 16.9929
181 0.0050176 0.0300639 17.0783
182 0.0051364 0.0289075 17.1627
183 0.0049656 0.0297942 17.2477
184 0.0055985 0.0290448 17.3328
185 0.0136317 0.0373284 17.4341
186 0.0079061 0.0296888 17.5221
187 0.0053965 0.0296236 17.6074
188 0.0055554 0.0295816 17.6928
189 0.0062537 0.0310966 17.7805
190 0.0058186 0.0293165 17.8661
191 0.0084103 0.0280979 17.9528
192 0.0074299 0.0368931 18.0475
193 0.0091324 0.0276075 18.1345
194 0.0096887 0.0295223 18.2239
195 0.0063657 0.0314108 18.312
196 0.006197 0.0300985 18.3986
197 0.0098587 0.0303923 18.4892
198 0.0072173 0.0307326 18.5774
199 0.0068914 0.0309776 18.6656
200 0.0101885 0.0299449 18.7559
201 0.0094604 0.043625 18.8595
202 0.0077573 0.0371045 18.9546
203 0.0086687 0.0337157 19.0473
204 0.0096789 0.0303425 19.1375
205 0.0085227 0.0304425 19.2269
206 0.0169639 0.039709 19.3337
207 0.0096742 0.0286223 19.4222
208 0.008156 0.0376486 19.5182
209 0.0118523 0.0310756 19.6115
210 0.0116847 0.0328425 19.7065
211 0.0072422 0.0311637 19.7951
212 0.0180268 0.0367467 19.9002
213 0.0131594 0.0375571 20.0013
214 0.0116624 0.0364465 20.0997
215 0.0121146 0.0335679 20.1957
216 0.0127085 0.0383771 20.2972
217 0.0121669 0.0354075 20.395
218 0.0172771 0.0350696 20.4977
219 0.0107442 0.0295465 20.5882
220 0.0098734 0.0321971 20.6805
221 0.0103265 0.029925 20.771
222 0.0086577 0.031687 20.8616
223 0.0117468 0.0310296 20.9546
224 0.008308 0.0365667 21.0498
225 0.01145 0.0285475 21.14
226 0.0086435 0.0318071 21.2306
227 0.0112559 0.0291417 21.3212
228 0.0251173 0.0509909 21.4477
229 0.0250676 0.032381 21.5554
230 0.0097227 0.0324501 21.6478
231 0.0131762 0.0320134 21.7433
232 0.0190291 0.0387082 21.8514
233 0.011953 0.030723 21.9445
234 0.0123018 0.0288366 22.0359
235 0.0133889 0.0334841 22.133
236 0.0251547 0.0364002 22.2449
237 0.0125332 0.0314552 22.3392
238 0.0103535 0.0314058 22.4313
239 0.0298322 0.0335651 22.5449
240 0.0135958 0.0318818 22.6408
241 0.0128199 0.0316365 22.7355
242 0.0259307 0.0332232 22.845
243 0.0132232 0.0295924 22.9381
244 0.0233809 0.0400304 23.0518
245 0.0134641 0.0342523 23.1497
246 0.0148464 0.0340657 23.2489
247 0.0138528 0.0312965 23.3443
248 0.0210691 0.0328815 23.4485
249 0.0137163 0.0317825 23.5443
250 0.0282638 0.0306356 23.6534
251 0.0137635 0.0342962 23.7517
252 0.0333949 0.0329942 23.8685
253 0.0313001 0.0341063 23.9842
254 0.0153009 0.0340414 24.0839
255 0.0307934 0.0350351 24.1999
256 0.0171072 0.042093 24.3095
257 0.0180516 0.0322167 24.41
258 0.0168498 0.0319014 24.509
259 0.024507 0.0535802 24.6373
260 0.0284117 0.0442426 24.7602
261 0.0194027 0.0376858 24.8676
262 0.0171685 0.0331551 24.9685
263 0.0166033 0.0329062 25.0683
264 0.0191377 0.0318305 25.1696
265 0.0307533 0.038418 25.2891
266 0.0288566 0.0332406 25.4015
267 0.0171638 0.0336017 25.5026
268 0.0205905 0.0348273 25.6084
269 0.0183447 0.0327355 25.7097
270 0.0190684 0.0405947 25.8196
271 0.0379564 0.0310986 25.9389
272 0.0298271 0.046709 26.0658
273 0.0289258 0.0387466 26.1837
274 0.029723 0.0352076 26.299
275 0.0187971 0.0345857 26.4027
276 0.0325015 0.0477291 26.5334
277 0.0222464 0.0414296 26.6474
278 0.019606 0.03368 26.7511
279 0.026942 0.0364544 26.8646
280 0.0222692 0.0349817 26.9723
281 0.026519 0.0346744 27.0838
282 0.0366541 0.037156 27.2079
283 0.0266497 0.0339673 27.3189
284 0.0406629 0.0360242 27.446
285 0.0351109 0.044935 27.5763
286 0.0382262 0.0337977 27.6985
287 0.0498256 0.0711447 27.8696
288 0.073776 0.112684 28.1064
289 0.0205468 0.0341974 28.2114
290 0.0262818 0.0391255 28.3271
291 0.0244481 0.0400524 28.442
292 0.0209111 0.0339513 28.5471
293 0.0261252 0.0338722 28.6575
294 0.0223121 0.0371122 28.7672
295 0.0359419 0.0359812 28.8895
296 0.0219846 0.0352087 28.9969
297 0.0400935 0.0356853 29.1229
298 0.0367049 0.0344489 29.2443
299 0.0206877 0.0338833 29.3492
300 0.0613573 0.0503052 29.511
301 0.0374241 0.0514719 29.6502
302 0.0293933 0.0374335 29.7673
303 0.026852 0.0390046 29.8835
304 0.0237606 0.0400517 29.9976
305 0.0368562 0.0382156 30.1231
306 0.0228725 0.0362246 30.2323
307 0.0238045 0.0367067 30.3432
308 0.0226486 0.035645 30.4519
309 0.0381119 0.0359408 30.5763
310 0.0227051 0.0360117 30.6853
311 0.0401012 0.0438847 30.8195
312 0.025188 0.0356784 30.9308
313 0.045284 0.0401126 31.0664
314 0.028554 0.0355114 31.1809
315 0.0275328 0.0372762 31.2959
316 0.0261469 0.0343655 31.4067
317 0.0237105 0.0375384 31.5184
318 0.0443259 0.036387 31.6495
319 0.0261018 0.0367726 31.7627
320 0.0301129 0.0447508 31.8878
321 0.0298292 0.0387975 32.0066
322 0.0288768 0.0365545 32.1224
323 0.041085 0.0364945 32.2503
324 0.0377646 0.0371127 32.3754
325 0.0268455 0.0363621 32.4889
326 0.0256137 0.0383232 32.6031
327 0.0295806 0.0365978 32.7195
328 0.0268937 0.0364734 32.8331
329 0.0308215 0.0378526 32.9521
330 0.0272631 0.037689 33.0674
331 0.0294197 0.0369669 33.1841
332 0.0504592 0.0403016 33.3252
333 0.0420627 0.0449014 33.4624
334 0.0309613 0.0362035 33.5797
335 0.0295535 0.0371987 33.6969
336 0.0283573 0.0367806 33.8124
337 0.0284075 0.0371882 33.9285
338 0.0301861 0.0372508 34.0462
339 0.0391613 0.0373216 34.1729
340 0.0270899 0.0378748 34.2882
341 0.0272559 0.037449 34.4031
342 0.0314305 0.0377734 34.5227
343 0.0441195 0.0397605 34.657
344 0.0338629 0.0392984 34.7805
345 0.0327047 0.0380347 34.9016
346 0.0299414 0.0400376 35.0219
347 0.0277846 0.037396 35.1373
348 0.0279577 0.0376326 35.2531
349 0.0299799 0.0393557 35.3727
350 0.0279798 0.0379084 35.489
351 0.0283385 0.0384314 35.6059
352 0.0286486 0.0457164 35.7307
353 0.0346014 0.0408815 35.8564
354 0.0294345 0.0400812 35.9762
355 0.0318092 0.0374064 36.0958
356 0.0303254 0.0375032 36.2138
357 0.0324293 0.0421086 36.3388
358 0.0509992 0.0376439 36.4777
359 0.0458665 0.0369072 36.6107
360 0.0385812 0.0394724 36.7391
361 0.0290419 0.0400291 36.8585
362 0.0318954 0.0377743 36.9786
363 0.0502433 0.0398016 37.1188
364 0.0310938 0.039627 37.2399
365 0.0317166 0.0375924 37.3596
366 0.0317089 0.0374459 37.4792
367 0.0352094 0.0443214 37.6091
368 0.0324339 0.0383593 37.7301
369 0.0347505 0.0382718 37.8533
370 0.031847 0.0396306 37.975
371 0.0575158 0.0588375 38.1417
372 0.0384599 0.0412202 38.2716
373 0.0502353 0.0373895 38.4097
374 0.0325161 0.037885 38.5305
375 0.0361382 0.0400313 38.6571
376 0.0502071 0.038356 38.796
377 0.0339172 0.0420665 38.9223
378 0.0306276 0.0399733 39.0433
379 0.0533559 0.0521592 39.1991
380 0.041081 0.0433492 39.3337
381 0.0348709 0.0414585 39.4604
382 0.0374666 0.0395184 39.5876
383 0.0375323 0.0382275 39.7136
384 0.0458984 0.0444206 39.8542
385 0.0309815 0.0406034 39.9762
386 0.0340396 0.0395991 40.1002
387 0.0380629 0.041538 40.2302
388 0.0454427 0.0415288 40.3676
389 0.0340475 0.0410458 40.493
390 0.0491653 0.0392205 40.6315
391 0.0359943 0.0417285 40.7872
392 0.0453912 0.0388158 40.9215
393 0.0350186 0.0396592 41.0466
394 0.0340491 0.0394622 41.1703
395 0.0395183 0.0394184 41.2995
396 0.0413159 0.0387913 41.4299
397 0.0694986 0.0431036 41.5928
398 0.0397877 0.0392573 41.7223
399 0.0355149 0.0404326 41.8486
400 0.0345543 0.0397956 41.9733
401 0.0348407 0.0398728 42.0983
402 0.0349648 0.042612 42.2263
403 0.0375895 0.0422956 42.3564
404 0.0374138 0.0384027 42.4825
405 0.0404726 0.0395184 42.6129
406 0.0352991 0.0405841 42.739
407 0.0363215 0.0393602 42.8651
408 0.0351555 0.0462013 42.9966
409 0.0353605 0.0414617 43.1238
410 0.0352288 0.040197 43.2496
411 0.0422864 0.0394947 43.3816
412 0.0618673 0.0394931 43.5334
413 0.0414266 0.0396409 43.6647
414 0.0361592 0.0426043 43.7937
415 0.0361101 0.0414942 43.9214
416 0.0360179 0.0449221 44.0526
417 0.0373475 0.0390515 44.1794
418 0.0366567 0.0418335 44.3082
419 0.0517854 0.038583 44.4489
420 0.041997 0.0395917 44.5808
421 0.0627163 0.0390835 44.7329
422 0.0382426 0.0406222 44.862
423 0.034795 0.0412958 44.9885
424 0.035968 0.0402763 45.1151
425 0.0529489 0.0486068 45.267
426 0.0390037 0.0425733 45.3989
427 0.043561 0.039912 45.5327
428 0.0556377 0.0401363 45.6789
429 0.0357488 0.0459537 45.811
430 0.036426 0.041721 45.9395
431 0.0372236 0.0396909 46.0667
432 0.0395199 0.0396715 46.1962
433 0.0511883 0.0442592 46.342
434 0.0552371 0.0427034 46.4903
435 0.0533043 0.0390301 46.633
436 0.0383343 0.0410134 46.7627
437 0.0540089 0.0429136 46.9099
438 0.035846 0.0397601 47.0357
439 0.0408523 0.0400828 47.1669
440 0.0428255 0.0405201 47.3006
441 0.0399476 0.0405314 47.4315
442 0.0358653 0.0422858 47.56
443 0.0357182 0.0399855 47.6859
444 0.0391586 0.0397081 47.8151
445 0.0528653 0.0426016 47.9608
446 0.035765 0.0404211 48.0872
447 0.0471911 0.0558375 48.2405
448 0.053786 0.0490122 48.3937
449 0.0412817 0.0471094 48.5325
450 0.0514372 0.0429097 48.677
451 0.0365804 0.0414585 48.8055
452 0.0383495 0.0396863 48.9339
453 0.0405961 0.0433414 49.0682
454 0.0384989 0.0404888 49.1975
455 0.0648876 0.0396594 49.3522
456 0.0395513 0.0402443 49.4824
457 0.0410925 0.0401576 49.6138
458 0.0352796 0.0415286 49.741
459 0.0385856 0.0400738 49.8699
460 0.037901 0.0418117 49.9998
461 0.058398 0.039945 50.1484
462 0.0413149 0.0402406 50.2802
463 0.0391124 0.0434127 50.4131
464 0.0376686 0.0420319 50.543
465 0.0561484 0.0398095 50.6893
466 0.0370563 0.0497662 50.8264
467 0.0368449 0.0417678 50.9552
468 0.0369973 0.0394265 51.0818
469 0.0381846 0.041332 51.2116
470 0.0376896 0.0416554 51.3413
471 0.0369364 0.0416073 51.47
472 0.0475665 0.0417974 51.6097
473 0.0400016 0.0426123 51.7427
474 0.0347383 0.0433577 51.871
475 0.0351801 0.0393292 51.9958
476 0.0352554 0.0410755 52.1223
477 0.0365674 0.0397913 52.249
478 0.0349176 0.0429492 52.3773
479 0.034996 0.0429999 52.5055
480 0.0356966 0.0451133 52.6365
481 0.0383776 0.0401376 52.7653
482 0.047633 0.0427789 52.9062
483 0.0525335 0.0401422 53.0491
484 0.0546672 0.0404973 53.1947
485 0.0338174 0.0400876 53.3188
486 0.0354768 0.0394143 53.4439
487 0.0336105 0.0404876 53.5684
488 0.0497848 0.0469395 53.7153
489 0.0343274 0.041084 53.8411
490 0.0367836 0.0395806 53.9678
491 0.045782 0.0422776 54.1062
492 0.0509698 0.0393628 54.247
493 0.0330634 0.0427076 54.3731
494 0.0348384 0.0420126 54.5002
495 0.0325819 0.0443347 54.6275
496 0.0376436 0.0557581 54.7711
497 0.0522773 0.0533503 54.927
498 0.0376251 0.0440907 55.0589
499 0.0402098 0.0394932 55.1888
500 0.0416285 0.0451783 55.3258
501 0.0364287 0.0429813 55.4556
502 0.0334555 0.0390923 55.5785
503 0.0351064 0.0415321 55.7056
504 0.0341405 0.0503095 55.8404
505 0.0334342 0.0393571 55.9635
506 0.0315147 0.0405068 56.0857
507 0.0307865 0.0419613 56.2089
508 0.0319992 0.0395257 56.3306
509 0.0491113 0.0396343 56.4695
510 0.0311035 0.0417419 56.5927
511 0.0483972 0.0544317 56.7457
512 0.0507736 0.059108 56.9059
513 0.038551 0.0394933 57.0341
514 0.0360899 0.0400414 57.1604
515 0.0302997 0.0389279 57.2798
516 0.032192 0.0448361 57.407
517 0.0349017 0.0384207 57.5306
518 0.0462387 0.0388618 57.6658
519 0.0337745 0.0414259 57.7913
520 0.0511171 0.0515566 57.9445
521 0.031612 0.0395962 58.0659
522 0.031325 0.0412909 58.1889
523 0.0290308 0.0419867 58.3101
524 0.0444972 0.0407599 58.4457
525 0.0318325 0.0402127 58.5681
526 0.030806 0.0404814 58.6899
527 0.0291064 0.0403438 58.8097
528 0.0300754 0.0402412 58.9302
529 0.0294915 0.0386807 59.0488
530 0.0303944 0.039855 59.1692
531 0.038312 0.041487 59.2994
532 0.0308758 0.0409428 59.4215
533 0.0289873 0.0450871 59.5459
534 0.0410161 0.0395871 59.6768
535 0.0383396 0.0427021 59.8083
536 0.0278787 0.0408737 59.9273
537 0.0319787 0.0386432 60.0483
538 0.0275427 0.0384627 60.1647
539 0.0307315 0.0383279 60.284
540 0.0277795 0.0386336 60.4006
541 0.0277886 0.0444172 60.5232
542 0.0273382 0.0380032 60.6389
543 0.0278236 0.0395803 60.7565
544 0.0348247 0.0394175 60.8811
545 0.0320804 0.0384321 61.0019
546 0.0290747 0.0441779 61.1253
547 0.0289337 0.0373932 61.2421
548 0.0289817 0.0376483 61.3591
549 0.0241086 0.0375903 61.471
550 0.0298732 0.0393417 61.5905
551 0.027295 0.0375846 61.7058
552 0.0238607 0.0373814 61.8173
553 0.0260812 0.0382285 61.932
554 0.0250679 0.0377603 62.0451
555 0.026695 0.0370706 62.1592
556 0.023392 0.0489906 62.2817
557 0.0270893 0.0423617 62.4015
558 0.0267213 0.0406615 62.5191
559 0.038812 0.0521546 62.6603
560 0.0287691 0.0391416 62.7785
561 0.0250867 0.0412336 62.8951
562 0.0270575 0.0380785 63.0105
563 0.0421582 0.0395563 63.1425
564 0.0360789 0.0373878 63.2662
565 0.0259429 0.0374257 63.3798
566 0.0242345 0.0350443 63.4894
567 0.0216866 0.037315 63.5986
568 0.0219313 0.0379122 63.7088
569 0.0212131 0.0367289 63.817
570 0.0242313 0.0377645 63.9293
571 0.042097 0.0427737 64.0646
572 0.030883 0.0386135 64.1843
573 0.0251288 0.0374536 64.2972
574 0.0242262 0.0363046 64.4081
575 0.0209637 0.0360132 64.5154
576 0.024812 0.0419271 64.6326
577 0.0205126 0.0377149 64.7412
578 0.0199811 0.036931 64.8483
579 0.0204996 0.037761 64.957
580 0.0198589 0.0372136 65.0646
581 0.0227413 0.0369738 65.1748
582 0.0195705 0.035636 65.2802
583 0.0189199 0.0389546 65.3885
584 0.0194112 0.0365101 65.4947
585 0.0372187 0.0435389 65.6259
586 0.0353565 0.0380822 65.7495
587 0.0278711 0.0364344 65.864
588 0.0184754 0.0378717 65.9706
589 0.0188926 0.0364577 66.0763
590 0.0186806 0.0353081 66.1806
591 0.0283482 0.0358634 66.2952
592 0.0190846 0.0359525 66.4005
593 0.032838 0.042969 66.5267
594 0.0203273 0.0357067 66.633
595 0.0413681 0.0460483 66.7706
596 0.0410412 0.0397372 66.9016
597 0.0328485 0.0388615 67.0236
598 0.0190214 0.0363653 67.1294
599 0.017359 0.0356209 67.2327
600 0.0167562 0.0377665 67.3374
601 0.0186888 0.0357257 67.4422
602 0.0169833 0.0350069 67.5444
603 0.0160041 0.0365804 67.6473
604 0.028869 0.0362295 67.7627
605 0.0311776 0.036321 67.8805
606 0.0295074 0.0382782 67.9987
607 0.0155299 0.0354353 68.1
608 0.027545 0.0439987 68.2219
609 0.0161163 0.0345415 68.3228
610 0.0157421 0.0334177 68.4223
611 0.032544 0.040158 68.5453
612 0.0329173 0.0347738 68.6633
613 0.0308559 0.0432075 68.7876
614 0.0128501 0.0377869 68.8886
615 0.0126704 0.035717 68.9872
616 0.0126639 0.0376683 69.0879
617 0.0126329 0.0371976 69.188
618 0.0121228 0.0349779 69.2853
619 0.0160324 0.0373792 69.389
620 0.0233826 0.035236 69.4978
621 0.0151371 0.0351268 69.5983
622 0.0269914 0.0422048 69.7179
623 0.0261379 0.0352252 69.8297
624 0.0141275 0.0340589 69.9282
625 0.0141202 0.0341308 70.0267
626 0.0220119 0.0345285 70.1336
627 0.0285373 0.050053 70.2625
628 0.0134947 0.0350028 70.3612
629 0.0140662 0.0344975 70.4601
630 0.0168593 0.0397621 70.567
631 0.0153511 0.0343619 70.6671
632 0.0124764 0.0358886 70.7656
633 0.0158045 0.0345911 70.8664
634 0.0239303 0.0450193 70.9856
635 0.0119182 0.034875 71.0827
636 0.0123341 0.0354693 71.1807
637 0.0196623 0.0398968 71.2906
638 0.0100103 0.0349633 71.3858
639 0.0112791 0.0347012 71.482
640 0.0246994 0.0431883 71.6003
641 0.0114129 0.0342541 71.6963
642 0.0253328 0.0365973 71.8086
643 0.0123605 0.0328598 71.9041
644 0.0239731 0.0390904 72.0176
645 0.0112693 0.0347588 72.1139
646 0.0191592 0.0384535 72.2218
647 0.0091071 0.0366336 72.3178
648 0.0165039 0.0454137 72.4299
649 0.0110226 0.0322727 72.5236
650 0.0088253 0.0344506 72.6172
651 0.0107988 0.0340846 72.7125
652 0.0111738 0.0321281 72.8062
653 0.008447 0.0344387 72.8994
654 0.0178144 0.0399772 73.0075
655 0.0094964 0.0410501 73.1085
656 0.0083067 0.0348903 73.2018
657 0.0101796 0.0355676 73.298
658 0.0106039 0.0340725 73.3929
659 0.0077395 0.0347785 73.4855
660 0.009182 0.0347581 73.5799
661 0.0102632 0.0333856 73.6738
662 0.0183322 0.0387143 73.7813
663 0.0100893 0.0343942 73.876
664 0.0076971 0.0343802 73.9683
665 0.0102115 0.0333142 74.0621
666 0.0195505 0.0409218 74.1727
667 0.0075678 0.0342419 74.2648
668 0.0097369 0.0321958 74.3571
669 0.0073145 0.0341758 74.4489
670 0.0098586 0.0381917 74.5473
671 0.0161618 0.0401996 74.654
672 0.0070299 0.0395186 74.751
673 0.0084783 0.0340665 74.8437
674 0.0152937 0.039967 74.9494
675 0.0088033 0.033752 75.0423
676 0.0064654 0.0487587 75.1478
677 0.0144636 0.0387025 75.2513
678 0.0103279 0.0429168 75.3549
679 0.0127929 0.0421001 75.4601
680 0.0065556 0.0334626 75.5505
681 0.0079926 0.0339167 75.6428
682 0.0061062 0.03305 75.7323
683 0.0083561 0.0412736 75.8322
684 0.0137886 0.0422144 75.9386
685 0.0059581 0.0331995 76.028
686 0.0102017 0.0312292 76.1196
687 0.0063604 0.0338044 76.21
688 0.0071069 0.0331712 76.3007
689 0.0075082 0.0338908 76.3925
690 0.0054188 0.0332557 76.4815
691 0.0079932 0.0335288 76.5734
692 0.0062512 0.0331192 76.6631
693 0.0054645 0.0364304 76.7554
694 0.005029 0.0379641 76.8487
695 0.0077462 0.0318229 76.9385
696 0.0053044 0.0336096 77.0278
697 0.0053176 0.0340823 77.1175
698 0.0075984 0.0335272 77.209
699 0.0078765 0.046378 77.3136
700 0.0052174 0.0342692 77.4033
701 0.0051119 0.0331097 77.4918
702 0.00822 0.0579865 77.6084
703 0.0052141 0.0329766 77.6969
704 0.0138285 0.0501266 77.8114
705 0.004624 0.0328314 77.8992
706 0.0072855 0.0346948 77.9916
707 0.0074402 0.0456985 78.0951
708 0.0059643 0.0399701 78.1914
709 0.0046958 0.0328705 78.2792
710 0.0045067 0.0361621 78.37
711 0.0044013 0.0324532 78.4574
712 0.0039437 0.0329759 78.5447
713 0.0075006 0.0530981 78.6557
714 0.0037028 0.0344721 78.7442
715 0.0036843 0.0330342 78.8311
716 0.0101139 0.0421302 78.9336
717 0.006862 0.0355629 79.0263
718 0.0034985 0.0329808 79.1132
719 0.0036965 0.0329092 79.2001
720 0.0057882 0.0319364 79.2881
721 0.0036218 0.0334235 79.3755
722 0.0067979 0.0682343 79.5009
723 0.0055574 0.0315661 79.5885
724 0.0033329 0.0329927 79.675
725 0.0055453 0.0472821 79.7782
726 0.0032865 0.0332712 79.865
727 0.0086857 0.0532336 79.9773
728 0.0053552 0.0576312 80.0908
729 0.0050227 0.0613491 80.2075
730 0.002962 0.0519641 80.3128
731 0.0029792 0.0325345 80.3986
732 0.0084385 0.0482684 80.5056
733 0.00295 0.0333939 80.5924
734 0.0027635 0.032787 80.6783
735 0.002692 0.0331658 80.7643
736 0.0115179 0.0447047 80.8711
737 0.0026485 0.0348965 80.959
738 0.0028126 0.0321242 81.0442
739 0.0025731 0.05035 81.1475
740 0.0044134 0.0433005 81.2456
741 0.0023705 0.0383139 81.3365
742 0.0026859 0.0329955 81.4225
743 0.0024422 0.0325328 81.5078
744 0.0023904 0.0322701 81.5927
745 0.0048307 0.0468823 81.6946
746 0.0021622 0.0330791 81.7801
747 0.0023292 0.0354307 81.8682
748 0.0040489 0.0329367 81.9556
749 0.0020455 0.0323981 82.0404
750 0.0033002 0.0458233 82.1398
751 0.0038521 0.0412523 82.2352
752 0.0058089 0.0606818 82.3519
753 0.0032743 0.0328143 82.4384
754 0.0021603 0.0324417 82.5233
755 0.0039123 0.0517283 82.6291
756 0.0018594 0.0330972 82.7144
757 0.0024374 0.0481324 82.8154
758 0.0023338 0.0330723 82.9011
759 0.005177 0.0508891 83.0075
760 0.0017724 0.0329569 83.0926
761 0.0028296 0.061738 83.2075
762 0.0016508 0.0323329 83.2917
763 0.0016071 0.048647 83.3922
764 0.0025648 0.0465904 83.4916
765 0.0024726 0.054857 83.5992
766 0.0015713 0.0368255 83.688
767 0.0015351 0.0334862 83.7734
768 0.0015523 0.0373678 83.8627
769 0.0014611 0.0334744 83.948
770 0.0014413 0.0326576 84.0325
771 0.0014198 0.0325337 84.1168
772 0.0031684 0.0607222 84.2311
773 0.0018621 0.0474224 84.3306
774 0.0022662 0.0426444 84.426
775 0.0012893 0.032011 84.5098
776 0.0013135 0.0321657 84.5935
777 0.0021836 0.0520022 84.6982
778 0.0012463 0.0331054 84.7827
779 0.0021246 0.042284 84.8774
780 0.0018796 0.0588589 84.9885
781 0.0017389 0.0582531 85.0988
782 0.0011902 0.041152 85.1915
783 0.0013075 0.0377041 85.2808
784 0.0012965 0.0363027 85.3686
785 0.0024712 0.0399832 85.4614
786 0.0019127 0.0588606 85.5725
787 0.001115 0.0308304 85.6547
788 0.0011181 0.0326567 85.7388
789 0.0015837 0.0550929 85.8459
790 0.0010431 0.0407464 85.9379
791 0.0011708 0.0341168 86.0234
792 0.0014412 0.0424907 86.1178
793 0.001349 0.0315019 86.2009
794 0.0021142 0.0448574 86.2983
795 0.0009207 0.0332901 86.3828
796 0.0009083 0.031795 86.4657
797 0.0008581 0.0325917 86.5495
798 0.000851001 0.0323888 86.6332
799 0.0008658 0.0325179 86.717
800 0.000795 0.0399959 86.8082
801 0.0007728 0.0325253 86.8916
802 0.0007024 0.03227 86.9747
803 0.0006864 0.033567 87.0592
804 0.0006571 0.0367918 87.147
805 0.0011344 0.049537 87.2479
806 0.0008168 0.0406216 87.3398
807 0.000742 0.0344607 87.4252
808 0.0006967 0.0323524 87.5086
809 0.0011387 0.0452576 87.6053
810 0.0009384 0.0416211 87.6981
811 0.0009771 0.0549555 87.8044
812 0.000583 0.031131 87.8863
813 0.0007122 0.0305326 87.9679
814 0.0006918 0.0317098 88.0505
815 0.0012977 0.0620775 88.1642
816 0.0009357 0.047435 88.2628
817 0.0007186 0.0599443 88.3738
818 0.0007866 0.0620661 88.4869
819 0.0004631 0.0302018 88.5679
820 0.0005581 0.0323192 88.6512
821 0.0007905 0.0442301 88.7464
822 0.0006318 0.0325019 88.8298
823 0.0004841 0.0322289 88.9127
824 0.0004084 0.0323548 88.9958
825 0.000464 0.0319607 89.0786
826 0.0003942 0.0317527 89.1611
827 0.0004622 0.0327859 89.2445
828 0.0003727 0.0317011 89.3268
829 0.0004858 0.0400022 89.4177
830 0.0003642 0.032468 89.5007
831 0.0003383 0.0327032 89.5842
832 0.0004814 0.0384307 89.6735
833 0.0003367 0.0302383 89.7543
834 0.0003135 0.0321765 89.837
835 0.0002582 0.0302048 89.9178
836 0.000328301 0.0318629 90.0003
837 0.0004582 0.045811 90.0969
838 0.0003047 0.0326412 90.1803
839 0.0004397 0.0417791 90.2728
840 0.0002483 0.0324658 90.3559
841 0.0002436 0.0329605 90.4392
842 0.0002429 0.0487114 90.5384
843 0.0003317 0.0479024 90.6368
844 0.0001933 0.0329001 90.7202
845 0.0004468 0.0537511 90.8248
846 0.0002317 0.0301539 90.9056
847 0.0002043 0.031917 90.9879
848 0.0001817 0.0303849 91.0687
849 0.0002472 0.0617107 91.1811
850 0.0002454 0.031567 91.263
851 0.0001917 0.0326424 91.3462
852 0.000309 0.0455534 91.4423
853 0.0002646 0.0416267 91.5345
854 0.0002153 0.032761 91.6179
855 0.0001928 0.0349356 91.7033
856 0.000237 0.0308014 91.7847
857 0.0001742 0.0321781 91.8675
858 0.0001571 0.0323463 91.9503
859 0.0001549 0.0328951 92.0337
860 0.0002493 0.0473315 92.1316
861 0.0002497 0.0437521 92.2259
862 0.000153 0.0322682 92.3087
863 0.000149 0.0328219 92.392
864 0.0003339 0.055399 92.4983
865 0.000168 0.0323204 92.581
866 0.0002496 0.0582332 92.6897
867 0.0001706 0.033308 92.7736
868 0.0001375 0.0301197 92.8541
869 0.0001481 0.0325231 92.9372
870 0.000324 0.0684286 93.0561
871 0.0001603 0.0416411 93.1482
872 0.0002425 0.0523145 93.251
873 0.0001497 0.0318482 93.3333
874 0.0002239 0.0594371 93.4433
875 0.0002204 0.0448682 93.5386
876 0.0002284 0.0441278 93.6333
877 0.0002636 0.0584998 93.7424
878 0.0001449 0.0303933 93.8232
879 0.0002472 0.0504949 93.9244
880 0.0002399 0.0482883 94.0231
881 0.0002078 0.0549456 94.1286
882 0.0001728 0.0474334 94.2266
883 0.0002361 0.0553527 94.3325
884 0.0002872 0.0583279 94.4414
885 0.0002248 0.0597492 94.5517
886 0.000205 0.0513188 94.6534
887 0.0001103 0.033487 94.7373
888 0.0002544 0.0622327 94.8502
889 0.0001284 0.0326688 94.9334
890 0.000128 0.0319302 95.0158
891 0.0001334 0.0369213 95.1031
892 0.0001185 0.0304941 95.184
893 0.000131 0.0323403 95.2666
894 9.64e-05 0.032062 95.349
895 0.000202701 0.0539027 95.4533
896 0.0001081 0.0371196 95.5409
897 0.0001395 0.0309075 95.6223
898 0.0001588 0.0309385 95.7036
899 8.82e-05 0.0304572 95.7844
900 9.48e-05 0.0326535 95.8675
901 0.0001245 0.0322108 95.9501
902 0.0002071 0.0556143 96.0563
903 0.0001981 0.045609 96.1524
904 0.0001937 0.0429255 96.2459
905 0.0001417 0.0321824 96.3284
906 0.000181 0.0479637 96.4269
907 0.0001215 0.0316265 96.5091
908 0.0001239 0.0302837 96.5899
909 0.0001691 0.0322789 96.6726
910 0.0001337 0.0333149 96.7564
911 0.0001421 0.0347748 96.8415
912 0.0001915 0.0562827 96.9484
913 0.0001253 0.0395644 97.0382
914 0.0001342 0.0478189 97.1364
915 0.000216 0.0461715 97.2333
916 0.0001993 0.0625085 97.3463
917 0.0002298 0.047691 97.4446
918 0.0001246 0.0314423 97.5265
919 0.0002169 0.0603093 97.6372
920 0.0001364 0.030191 97.7178
921 0.0001576 0.0566791 97.8251
922 0.000224501 0.0617331 97.9374
923 0.0001039 0.0303329 98.018
924 9.89e-05 0.0425951 98.1111
925 0.0001878 0.0356192 98.1972
926 0.0001925 0.0584432 98.3061
927 0.000119 0.0326725 98.3893
928 0.000131401 0.0535843 98.4934
929 0.0001215 0.0312133 98.575
930 0.0001882 0.0448645 98.6703
931 0.0001435 0.0443137 98.7653
932 0.0001209 0.0347132 98.8503
933 6.96e-05 0.0393022 98.9399
934 7e-05 0.0411443 99.0313
935 6.44e-05 0.0386786 99.1202
936 0.0001092 0.0415765 99.2122
937 8.63e-05 0.0361469 99.2986
938 0.0001015 0.037408 99.3864
939 0.0001862 0.041432 99.4782
940 8.02e-05 0.0518979 99.5805
941 7.75e-05 0.0396128 99.6704
942 9.5e-05 0.0394522 99.7602
943 0.0001267 0.0578268 99.8684
944 0.0001283 0.0477041 99.9666
945 0.0001368 0.0366981 100.054
946 0.0001198 0.0305228 100.135
947 9.68e-05 0.0316883 100.217
948 0.0001342 0.0317019 100.299
949 0.0001132 0.0319501 100.381
950 0.000103 0.0332176 100.465
951 0.0002146 0.0467124 100.562
952 0.0001162 0.0315309 100.644
953 0.0001789 0.0461135 100.741
954 0.0001602 0.0426898 100.834
955 0.0001149 0.031796 100.916
956 0.0001992 0.046449 101.013
957 0.0001283 0.0335928 101.097
958 0.0002133 0.0738719 101.222
959 0.0001393 0.037757 101.31
960 0.0001158 0.0360414 101.396
961 0.0001187 0.0354383 101.482
962 0.0002272 0.0498983 101.583
963 0.000118 0.0322597 101.665
964 0.0002026 0.0474193 101.763
965 0.0001942 0.0508714 101.865
966 0.0001135 0.032209 101.947
967 9.41e-05 0.0333408 102.031
968 0.0001098 0.0617714 102.143
969 0.0001976 0.0483842 102.242
970 0.0001774 0.0580206 102.35
971 0.0001099 0.0317959 102.433
972 0.0001333 0.0541848 102.537
973 0.0001766 0.0494972 102.637
974 0.0001438 0.0322785 102.72
975 0.000135 0.0305787 102.801
976 7.23e-05 0.0360322 102.888
977 0.0001087 0.0305002 102.968
978 0.0001182 0.0316249 103.05
979 0.0001934 0.0782309 103.179
980 0.0001103 0.0315748 103.261
981 0.0002649 0.0590163 103.371
982 0.0001368 0.0537339 103.475
983 0.0001871 0.0481507 103.574
984 0.0001817 0.0535217 103.677
985 0.0001835 0.0446728 103.773
986 0.0001076 0.0302631 103.853
987 9.82e-05 0.0299865 103.934
988 0.0001421 0.0328909 104.017
989 0.0001546 0.0316938 104.099
990 0.0001911 0.0772648 104.227
991 7.72e-05 0.031133 104.308
992 0.0001062 0.0369371 104.396
993 0.0001252 0.0325012 104.479
994 0.0001163 0.031391 104.561
995 0.0001836 0.0648032 104.676
996 0.0001775 0.056648 104.783
997 0.0001664 0.0463404 104.88
998 0.0002034 0.047798 104.978
999 0.000121 0.0393486 105.068
1000 9.87e-05 0.0419226 105.16
1001 0.0002179 0.0639669 105.275
1002 9.49e-05 0.0323957 105.357
1003 0.0001062 0.0323328 105.44
1004 9.24e-05 0.0396464 105.53
1005 0.0001203 0.042162 105.623
1006 0.0001096 0.0538383 105.727
1007 0.0001153 0.0406292 105.818
1008 5.83e-05 0.0318807 105.9
1009 0.0001383 0.0331138 105.984
1010 0.0001672 0.0537027 106.088
1011 0.000138 0.0606987 106.199
1012 0.0002045 0.0492809 106.299
1013 9.51e-05 0.0323316 106.382
1014 0.0001867 0.0629249 106.495
1015 0.0001913 0.0470416 106.593
1016 0.0002115 0.0556309 106.699
1017 0.0001071 0.0484862 106.798
1018 6.69e-05 0.0329132 106.881
1019 0.0001007 0.0574809 106.989
1020 0.0001925 0.0611394 107.1
1021 0.0002357 0.0489458 107.2
1022 0.0001011 0.0317392 107.282
1023 0.000179 0.0509154 107.383
1024 0.0001025 0.0396518 107.473
1025 0.0001047 0.0301092 107.554
1026 0.0001059 0.032148 107.636
1027 0.0001982 0.0522024 107.739
1028 0.0001038 0.0303408 107.82
1029 8.98e-05 0.0301828 107.901
1030 0.0001372 0.0319498 107.983
1031 0.0001075 0.0316456 108.065
1032 0.0001088 0.0320727 108.148
1033 0.0001796 0.0521062 108.25
1034 0.0001386 0.0447454 108.346
1035 8.14e-05 0.0430596 108.439
1036 0.000113 0.0481568 108.538
1037 0.0001184 0.0449412 108.633
1038 6.69e-05 0.0339744 108.718
1039 6.06e-05 0.0321286 108.8
1040 0.0001333 0.0324797 108.883
1041 0.0001098 0.0335782 108.967
1042 9.22e-05 0.0322585 109.049
1043 0.0001367 0.0447463 109.145
1044 0.0001257 0.0486233 109.244
1045 8.91e-05 0.0389534 109.333
1046 0.0001375 0.0414618 109.425
1047 0.0001081 0.0317286 109.507
1048 0.0001635 0.0408731 109.599
1049 0.0001018 0.0413793 109.691
1050 9.89e-05 0.0346469 109.775
1051 0.000105 0.0300859 109.856
1052 0.0001018 0.0332517 109.94
1053 0.0001041 0.0416882 110.032
1054 8.6e-05 0.0311589 110.113
1055 0.0001328 0.0317823 110.196
1056 0.0001838 0.0540936 110.3
1057 0.0001162 0.0323735 110.383
1058 0.0002328 0.0512117 110.485
1059 0.0001046 0.0462819 110.581
1060 0.0001675 0.0481824 110.68
1061 0.0001132 0.0325403 110.763
1062 9.73e-05 0.0350897 110.848
1063 0.0001875 0.0467234 110.946
1064 0.0001873 0.0546995 111.051
1065 7.24e-05 0.0325154 111.134
1066 0.000121 0.0332815 111.218
1067 7.24e-05 0.0316991 111.3
1068 0.0001029 0.0333897 111.384
1069 0.0001753 0.0482932 111.482
1070 0.0001027 0.0381843 111.571
1071 0.0001618 0.0507903 111.672
1072 0.0001038 0.0305455 111.753
1073 8.79e-05 0.0435189 111.847
1074 0.0001578 0.046782 111.945
1075 0.0001238 0.0416198 112.037
1076 0.0001027 0.0299551 112.117
1077 8.69e-05 0.0316018 112.199
1078 0.0001026 0.0325305 112.282
1079 9.61e-05 0.0322178 112.364
1080 0.0001109 0.0321229 112.447
1081 0.0001002 0.0324574 112.53
1082 0.0001032 0.050473 112.631
1083 0.0001074 0.0320615 112.713
1084 0.0001137 0.0322503 112.796
1085 0.0001056 0.0319325 112.878
1086 0.0001046 0.0344756 112.963
1087 0.0001015 0.0322528 113.046
