TimeStep Temps_Avancement Temps_Affichage Temps_Simulation
1 0.0008946 0.18604 0.239038
2 0.0011196 0.0560698 0.346742
3 0.0001565 0.0389422 0.436131
4 0.000106501 0.0398515 0.526317
5 9.57e-05 0.0340464 0.610625
6 0.000132 0.0306401 0.691728
7 0.000132 0.0267058 0.76892
8 0.0001481 0.0297319 0.848936
9 0.0001326 0.0324164 0.931876
10 0.0001518 0.0273216 1.00953
11 0.0001529 0.026234 1.08627
12 0.0001892 0.04669 1.18353
13 0.0001491 0.0294651 1.26332
14 0.0001492 0.0999188 1.41359
15 0.000167201 0.0255601 1.48952
16 0.0002176 0.0344503 1.57434
17 0.0001276 0.0290016 1.65372
18 0.0016151 0.0369159 1.74265
19 0.0001818 0.0369277 1.83005
20 0.0002083 0.0339914 1.91453
21 0.0002776 0.0335662 1.99875
22 0.0002453 0.0334731 2.08289
23 0.0004062 0.0508692 2.18459
24 0.0002136 0.0334339 2.26866
25 0.0002425 0.0287187 2.34779
26 0.0002499 0.0306095 2.42882
27 0.0002359 0.0259831 2.50527
28 0.0005168 0.0296279 2.58561
29 0.0002151 0.0454055 2.68154
30 0.0004457 0.0450517 2.77731
31 0.0004207 0.0387957 2.86676
32 0.0005207 0.0724324 2.98999
33 0.0002515 0.0374842 3.07787
34 0.0002677 0.0314492 3.1598
35 0.0002817 0.0330639 3.24337
36 0.0002399 0.0329047 3.32676
37 0.0005121 0.0419442 3.41959
38 0.00032 0.0281332 3.49835
39 0.0004866 0.0467351 3.59601
40 0.0003258 0.0266621 3.67335
41 0.0002913 0.0264321 3.75045
42 0.0003312 0.0323248 3.83343
43 0.0003341 0.0277225 3.91173
44 0.0003331 0.0263499 3.98859
45 0.000509 0.0262687 4.06571
46 0.000656601 0.0394775 4.1561
47 0.0008138 0.0471521 4.2543
48 0.0012149 0.0312364 4.33727
49 0.0022156 0.0406443 4.43054
50 0.000412 0.0273615 4.50855
51 0.0008914 0.0518501 4.61169
52 0.0005778 0.035775 4.69829
53 0.0009861 0.0657945 4.81531
54 0.0005144 0.0303735 4.8966
55 0.0004626 0.0262499 4.97363
56 0.0005881 0.0398004 5.06438
57 0.0004904 0.0258731 5.14096
58 0.0010398 0.046723 5.23901
59 0.0012323 0.0457847 5.33649
60 0.0005053 0.0294771 5.4167
61 0.0008508 0.053209 5.52096
62 0.001233 0.0280238 5.60058
63 0.000553601 0.027914 5.67941
64 0.0006358 0.027036 5.75758
65 0.0038801 0.034729 5.84668
66 0.0005669 0.0261933 5.92388
67 0.000728 0.0268472 6.0018
68 0.0007354 0.0306807 6.08355
69 0.0006466 0.0299082 6.16449
70 0.0006689 0.0276027 6.24311
71 0.000647401 0.0261015 6.32021
72 0.0026738 0.0542221 6.42761
73 0.0007297 0.0439804 6.52264
74 0.0014192 0.0410881 6.61549
75 0.0012638 0.0391268 6.70617
76 0.001438 0.0407584 6.79882
77 0.0008299 0.0276392 6.87768
78 0.0008275 0.0278385 6.95667
79 0.0008209 0.028579 7.03639
80 0.0013489 0.0552543 7.14342
81 0.000815 0.0267884 7.22123
82 0.00218 0.055024 7.32872
83 0.0015958 0.0457101 7.42643
84 0.0016364 0.0468183 7.5252
85 0.001094 0.0372502 7.61393
86 0.0010987 0.0372047 7.70239
87 0.000975299 0.0292212 7.78293
88 0.000947899 0.0278148 7.86205
89 0.000969099 0.0259275 7.93911
90 0.000925299 0.0265285 8.01695
91 0.000962799 0.0468518 8.1151
92 0.000867399 0.0265081 8.19269
93 0.0010071 0.0265133 8.27043
94 0.0018274 0.0278369 8.35033
95 0.0020696 0.0449198 8.44751
96 0.0010849 0.0330612 8.53207
97 0.0011905 0.0306199 8.61403
98 0.0011091 0.0282929 8.69381
99 0.0011542 0.0265327 8.77171
100 0.0013756 0.0274485 8.85094
101 0.0013082 0.0295416 8.93194
102 0.0011979 0.0286496 9.01203
103 0.0012082 0.0271448 9.09071
104 0.0013662 0.0309014 9.17326
105 0.0012737 0.0266912 9.25158
106 0.0028776 0.0432324 9.34809
107 0.0017112 0.0370963 9.43724
108 0.00362539 0.0589505 9.55019
109 0.00382209 0.0459572 9.6503
110 0.0022675 0.0464646 9.74939
111 0.0019503 0.03187 9.83361
112 0.001621 0.030083 9.91548
113 0.0017154 0.0299078 9.9973
114 0.0016201 0.0289116 10.0781
115 0.0017233 0.02904 10.159
116 0.0016297 0.0283322 10.2393
117 0.001833 0.0983669 10.3897
118 0.0018213 0.0595999 10.5013
119 0.0107049 0.0355058 10.5977
120 0.0022166 0.0353779 10.6855
121 0.0022336 0.0381491 10.7761
122 0.0022304 0.0385179 10.8671
123 0.0024715 0.0371543 10.957
124 0.0026166 0.0344554 11.0443
125 0.0018661 0.0288983 11.1254
126 0.0025152 0.0361565 11.2145
127 0.0026183 0.03261 11.2999
128 0.0022579 0.0328634 11.3854
129 0.00468849 0.041817 11.4822
130 0.0024426 0.0298503 11.5649
131 0.0023103 0.0290077 11.6466
132 0.0025112 0.0291865 11.7285
133 0.0023936 0.030064 11.8111
134 0.0023757 0.029217 11.893
135 0.00505509 0.0416955 11.99
136 0.0023935 0.0323685 12.075
137 0.00345739 0.0368828 12.1656
138 0.00363029 0.036664 12.2561
139 0.0034748 0.0371986 12.3473
140 0.00623689 0.0468807 12.4506
141 0.0028207 0.0289497 12.5327
142 0.0027532 0.0287394 12.6144
143 0.0028169 0.0309684 12.6986
144 0.00557919 0.0436569 12.798
145 0.00557639 0.0409975 12.895
146 0.00317419 0.0302424 12.9786
147 0.00308189 0.0302044 13.0622
148 0.00600289 0.0462605 13.1649
149 0.00378889 0.0291383 13.2481
150 0.0062682 0.0458553 13.3506
151 0.0033508 0.0326864 13.437
152 0.0070807 0.0685163 13.5629
153 0.0030297 0.030715 13.6471
154 0.0033725 0.0350233 13.7357
155 0.0068242 0.0513326 13.8443
156 0.0031096 0.0301908 13.9277
157 0.0030076 0.0280472 14.009
158 0.0031373 0.0307196 14.093
159 0.0033845 0.0387548 14.1854
160 0.0044993 0.0601865 14.3004
161 0.0038604 0.0368344 14.3915
162 0.0040088 0.0367393 14.4825
163 0.0039655 0.0345248 14.5712
164 0.0041857 0.0283406 14.6539
165 0.0052267 0.0312825 14.7408
166 0.007235 0.0415734 14.8399
167 0.0036397 0.029612 14.9235
168 0.0039364 0.0314809 15.0092
169 0.0074884 0.043435 15.1104
170 0.0037248 0.0299413 15.1944
171 0.007494 0.0430598 15.2952
172 0.0048866 0.0374575 15.3877
173 0.0050295 0.0301614 15.4732
174 0.0041908 0.0307136 15.5584
175 0.0044145 0.0314578 15.6445
176 0.0089842 0.0415868 15.7452
177 0.0052348 0.0327774 15.8336
178 0.0142851 0.0325194 15.9307
179 0.0042691 0.0301276 16.0155
180 0.0047741 0.0311605 16.1018
181 0.0132439 0.0630604 16.2285
182 0.0046086 0.0310168 16.3145
183 0.0046898 0.0301092 16.3995
184 0.0045706 0.031065 16.4854
185 0.0057942 0.0318881 16.5734
186 0.0050394 0.0314693 16.6601
187 0.0129876 0.0400987 16.7633
188 0.0048893 0.0380952 16.8567
189 0.0053514 0.0301176 16.9425
190 0.0061827 0.0358932 17.0349
191 0.0067018 0.0330654 17.1249
192 0.0054927 0.0359726 17.2169
193 0.0068629 0.0321107 17.306
194 0.0055016 0.0304395 17.3922
195 0.0057692 0.0312859 17.4795
196 0.007153 0.0309049 17.5678
197 0.0106899 0.0309301 17.6596
198 0.0058187 0.0314391 17.7472
199 0.0176149 0.0338041 17.8489
200 0.0074345 0.0302745 17.937
201 0.0082794 0.0307544 18.0263
202 0.0158208 0.0571325 18.1495
203 0.0076481 0.0318057 18.2392
204 0.0070209 0.0309747 18.3275
205 0.0227401 0.0403319 18.4409
206 0.0066112 0.0314109 18.5292
207 0.0147637 0.0362784 18.6307
208 0.0081983 0.0323703 18.7214
209 0.0086002 0.0329986 18.8133
210 0.0084889 0.0328016 18.9048
211 0.0073322 0.0313144 18.9939
212 0.006979 0.0317939 19.0831
213 0.0096759 0.029794 19.1729
214 0.007225 0.0313922 19.2617
215 0.0069938 0.0309878 19.3501
216 0.007976 0.0322147 19.4406
217 0.007546 0.0336061 19.5322
218 0.0100805 0.0289908 19.6214
219 0.0077402 0.0316881 19.7112
220 0.0072365 0.0315986 19.8004
221 0.0118856 0.031493 19.8941
222 0.0076575 0.0386297 19.9907
223 0.0185106 0.0374338 20.097
224 0.0117705 0.0364099 20.1958
225 0.0076858 0.0324482 20.2862
226 0.0235458 0.0384107 20.3986
227 0.010758 0.0306198 20.4903
228 0.0082006 0.0333529 20.5822
229 0.0121857 0.0337233 20.6783
230 0.0113496 0.0299768 20.7699
231 0.0108969 0.032362 20.8634
232 0.0223882 0.0337744 20.9701
233 0.0100799 0.0315566 21.062
234 0.0111723 0.030497 21.1538
235 0.0109306 0.0329785 21.248
236 0.0218437 0.0368071 21.357
237 0.0101085 0.0333138 21.4508
238 0.0123687 0.033145 21.5466
239 0.0131117 0.0346247 21.6448
240 0.0129128 0.0306506 21.7386
241 0.0102108 0.0351123 21.8344
242 0.0121317 0.0328189 21.9295
243 0.0133447 0.030512 22.0237
244 0.0101023 0.0333571 22.1176
245 0.0138427 0.0333053 22.215
246 0.0266177 0.0311908 22.3231
247 0.0101958 0.0330163 22.4166
248 0.0136986 0.0326516 22.5131
249 0.0145707 0.0312839 22.6093
250 0.0137527 0.0336719 22.7071
251 0.0111396 0.0330558 22.8017
252 0.0141334 0.0334331 22.8996
253 0.0148813 0.0329674 22.9977
254 0.0261607 0.0342836 23.1086
255 0.0267781 0.0361627 23.2217
256 0.0123637 0.0352582 23.3196
257 0.0170785 0.0331392 23.4203
258 0.0144971 0.0340644 23.519
259 0.022899 0.0536609 23.6458
260 0.0195214 0.0349808 23.7506
261 0.0175616 0.0345428 23.853
262 0.0194649 0.0407696 23.9635
263 0.018116 0.034905 24.0667
264 0.0189258 0.0369933 24.1728
265 0.0174098 0.0343868 24.275
266 0.0159895 0.0333633 24.3748
267 0.016166 0.0409188 24.4822
268 0.0166536 0.0339855 24.583
269 0.0259145 0.0326315 24.6919
270 0.0193883 0.0348296 24.7963
271 0.0201823 0.0359244 24.9026
272 0.0230157 0.0352986 25.0112
273 0.0169547 0.03301 25.1114
274 0.01789 0.0339606 25.2134
275 0.0183656 0.0346019 25.3167
276 0.0325766 0.0402776 25.4398
277 0.0206569 0.0349648 25.5458
278 0.0210699 0.0357654 25.653
279 0.0198669 0.0347991 25.7581
280 0.0207642 0.0348379 25.8638
281 0.0241325 0.0331832 25.9714
282 0.0226543 0.0355607 26.0799
283 0.0209707 0.034853 26.1861
284 0.0207977 0.0347391 26.292
285 0.0343186 0.0346453 26.4113
286 0.049822 0.0336319 26.545
287 0.0194054 0.0351963 26.6499
288 0.0244784 0.042421 26.7673
289 0.0177924 0.0356233 26.8709
290 0.0204752 0.035434 26.9771
291 0.0190494 0.0344288 27.0809
292 0.0187464 0.03528 27.1852
293 0.0217044 0.0338753 27.2911
294 0.0191299 0.0351278 27.3958
295 0.0215167 0.0357314 27.5034
296 0.0219849 0.0359175 27.6117
297 0.0334318 0.0355258 27.7309
298 0.0198999 0.0353147 27.8363
299 0.021647 0.0368332 27.9452
300 0.0201577 0.0377348 28.0534
301 0.0212692 0.0371967 28.1623
302 0.0201651 0.0358406 28.2687
303 0.0219204 0.0359355 28.3769
304 0.0373751 0.0390351 28.5035
305 0.0220641 0.0359257 28.6119
306 0.0222491 0.0361807 28.7205
307 0.0224812 0.037904 28.8312
308 0.0215631 0.0367402 28.9399
309 0.0207355 0.0348839 29.0459
310 0.0357497 0.0359832 29.168
311 0.0231979 0.0363317 29.278
312 0.0222611 0.036881 29.3873
313 0.0348321 0.0366583 29.5091
314 0.0368623 0.0571861 29.6533
315 0.0309589 0.0392433 29.7738
316 0.0345473 0.0428138 29.9015
317 0.0280101 0.0434652 30.0233
318 0.0249008 0.0375841 30.1363
319 0.0378635 0.0361174 30.2605
320 0.02275 0.047888 30.3816
321 0.0246256 0.0370291 30.4935
322 0.0386834 0.0366533 30.619
323 0.0252076 0.0369023 30.7314
324 0.0324117 0.045906 30.8601
325 0.0245067 0.0396254 30.9746
326 0.023826 0.0372545 31.086
327 0.0399612 0.0385162 31.2147
328 0.0248282 0.0376586 31.3275
329 0.0234003 0.0409926 31.4421
330 0.0241133 0.0385829 31.555
331 0.043019 0.0473492 31.6956
332 0.0802569 0.0839822 31.9101
333 0.0422806 0.0543079 32.0569
334 0.0334255 0.040092 32.1805
335 0.0319454 0.0441719 32.3068
336 0.028978 0.0440305 32.43
337 0.0356723 0.0500236 32.5661
338 0.027001 0.0420706 32.6853
339 0.0331021 0.0461473 32.8148
340 0.0332438 0.0436956 32.9421
341 0.0249109 0.0401703 33.0574
342 0.0335653 0.0414335 33.1828
343 0.0329034 0.0456408 33.3115
344 0.0330068 0.0365529 33.4313
345 0.0342636 0.0383721 33.5541
346 0.0307749 0.0491528 33.6843
347 0.0403881 0.0436546 33.8185
348 0.0418665 0.042538 33.9531
349 0.0385777 0.0430058 34.0849
350 0.034475 0.0494318 34.219
351 0.0402953 0.0433321 34.3529
352 0.0322277 0.0510935 34.4866
353 0.0306959 0.0403566 34.6078
354 0.0343616 0.0395164 34.7321
355 0.0277785 0.0404483 34.8507
356 0.0285429 0.0391914 34.9688
357 0.037272 0.0397594 35.0962
358 0.0287174 0.0408874 35.216
359 0.029547 0.0381367 35.334
360 0.0373641 0.0806796 35.5022
361 0.0463366 0.0488958 35.6477
362 0.0320528 0.0387345 35.7687
363 0.0317748 0.040236 35.891
364 0.0332316 0.0398176 36.0143
365 0.0346421 0.0425953 36.1419
366 0.0355234 0.0504106 36.2782
367 0.0297386 0.0383543 36.3967
368 0.0305675 0.0383404 36.516
369 0.0293221 0.0396669 36.6352
370 0.0302837 0.0400735 36.7558
371 0.029317 0.0420627 36.8773
372 0.0303204 0.0384891 36.9965
373 0.0303386 0.0394969 37.1167
374 0.0301024 0.0425095 37.2396
375 0.0511599 0.038638 37.3797
376 0.0320396 0.0392909 37.5014
377 0.0317191 0.0409238 37.6244
378 0.0321006 0.0404568 37.7473
379 0.0298448 0.0385291 37.866
380 0.0298905 0.0399792 37.9862
381 0.0302975 0.0415929 38.1085
382 0.0510995 0.039404 38.2494
383 0.0300162 0.0433118 38.3731
384 0.0288953 0.0479782 38.5004
385 0.0305398 0.0401884 38.6213
386 0.0293893 0.0450612 38.7461
387 0.0405032 0.0424911 38.8793
388 0.0309205 0.0389826 38.9996
389 0.0305462 0.0393934 39.12
390 0.0311381 0.0458592 39.2473
391 0.0304698 0.0399415 39.368
392 0.0307013 0.0417691 39.4908
393 0.0453985 0.0423578 39.6288
394 0.0323468 0.0420976 39.7534
395 0.030758 0.0416857 39.8762
396 0.0315326 0.0398019 39.9977
397 0.0309663 0.0393471 40.1185
398 0.031111 0.0425826 40.2424
399 0.0327829 0.0405244 40.366
400 0.0448207 0.0403952 40.5016
401 0.0344176 0.0427346 40.6289
402 0.031937 0.0400173 40.7715
403 0.0455649 0.0473544 40.9147
404 0.0350905 0.0415791 41.0417
405 0.0357803 0.0393697 41.1672
406 0.0309642 0.0421065 41.2906
407 0.0324513 0.0404288 41.4137
408 0.045057 0.0396758 41.5486
409 0.0310352 0.039815 41.6698
410 0.0323582 0.0427035 41.7953
411 0.0360498 0.039939 41.9215
412 0.0303515 0.0420563 42.0443
413 0.03261 0.0415089 42.1687
414 0.0431901 0.0408081 42.3031
415 0.0324456 0.0430095 42.4288
416 0.0327995 0.0475557 42.5595
417 0.0347226 0.0404487 42.685
418 0.0340076 0.043247 42.8124
419 0.0322433 0.0396289 42.9347
420 0.0328555 0.0428855 43.0608
421 0.0325229 0.0396632 43.1833
422 0.0461863 0.0432454 43.3231
423 0.0359873 0.0404423 43.4499
424 0.0317678 0.0411064 43.573
425 0.0342594 0.0400931 43.6977
426 0.0330838 0.042387 43.8235
427 0.0393265 0.0407446 43.9539
428 0.0366693 0.0410607 44.0819
429 0.0352701 0.0439348 44.2114
430 0.0360006 0.0428106 44.3405
431 0.0362186 0.0409152 44.4681
432 0.0332045 0.0445554 44.5961
433 0.0448351 0.0411706 44.7323
434 0.0323426 0.0405846 44.8556
435 0.0353013 0.0418973 44.9831
436 0.0322695 0.0412324 45.107
437 0.0333827 0.0406717 45.2313
438 0.0332272 0.040742 45.3556
439 0.03321 0.0426207 45.4816
440 0.0621376 0.0831383 45.6772
441 0.0332968 0.0553249 45.816
442 0.0432483 0.0421878 45.9518
443 0.0404399 0.0427008 46.0852
444 0.0375282 0.04364 46.2167
445 0.0445185 0.0410633 46.3526
446 0.0326356 0.043446 46.4789
447 0.0325322 0.0407598 46.6025
448 0.0453521 0.0499059 46.7481
449 0.0324347 0.0415783 46.8723
450 0.0339969 0.0402675 46.9969
451 0.0321002 0.0405797 47.1199
452 0.0349392 0.0412449 47.2465
453 0.0320257 0.0401796 47.369
454 0.0327051 0.0437071 47.4958
455 0.0320157 0.0411232 47.6193
456 0.0324889 0.0435861 47.7457
457 0.0317864 0.0414551 47.8693
458 0.0321705 0.0440471 47.9959
459 0.0358581 0.0413158 48.1234
460 0.0323433 0.0437071 48.2499
461 0.0321421 0.0411797 48.3735
462 0.0329605 0.0406957 48.4975
463 0.0343447 0.0443473 48.6267
464 0.0324722 0.0414316 48.7509
465 0.0316136 0.0442083 48.8769
466 0.0602709 0.0523919 49.0397
467 0.0528147 0.0449749 49.1878
468 0.0384038 0.0412969 49.3178
469 0.0398808 0.0444113 49.4524
470 0.0391458 0.0407494 49.5825
471 0.032558 0.0426279 49.7081
472 0.0331635 0.0408191 49.8325
473 0.0318136 0.0428837 49.9576
474 0.032365 0.0410047 50.0812
475 0.0342999 0.0425124 50.2082
476 0.0335189 0.0416205 50.3337
477 0.0320971 0.04243 50.4584
478 0.0321176 0.0413372 50.5822
479 0.0352241 0.0440156 50.7118
480 0.0604951 0.0600212 50.8827
481 0.0312953 0.040556 51.0048
482 0.0354931 0.0405953 51.1312
483 0.03494 0.0422986 51.2588
484 0.0344116 0.0405203 51.3841
485 0.0307976 0.0433089 51.5086
486 0.0317592 0.0407034 51.6314
487 0.0409672 0.0424814 51.7652
488 0.0306036 0.0440127 51.89
489 0.0291338 0.0431143 52.0126
490 0.0302108 0.0405555 52.1338
491 0.0337113 0.0463187 52.2641
492 0.0298577 0.0404709 52.3848
493 0.0315682 0.0429465 52.5097
494 0.0314714 0.03992 52.6314
495 0.0338598 0.0431611 52.7588
496 0.0313701 0.040339 52.8809
497 0.0307152 0.0430062 53.0048
498 0.0294483 0.0415163 53.1261
499 0.0303553 0.0399073 53.2467
500 0.0384117 0.0427029 53.3782
501 0.0434209 0.0407867 53.5128
502 0.0325897 0.0394027 53.6351
503 0.0468037 0.0521575 53.7843
504 0.0494249 0.04209 53.926
505 0.0353408 0.0445222 54.0563
506 0.0276689 0.0421625 54.1763
507 0.0270215 0.0437351 54.2975
508 0.0281261 0.0407926 54.4168
509 0.0284383 0.0435948 54.5392
510 0.0295813 0.0414989 54.6606
511 0.0293539 0.0399523 54.7803
512 0.0324465 0.0411972 54.9042
513 0.0308057 0.042028 55.0273
514 0.0311089 0.0394041 55.148
515 0.0295379 0.0401269 55.2679
516 0.0369202 0.0401884 55.3954
517 0.045116 0.0426403 55.5336
518 0.0271847 0.0397576 55.6509
519 0.0285686 0.0430535 55.7728
520 0.0259739 0.0469729 55.8961
521 0.0297697 0.0386626 56.0148
522 0.0292501 0.0396987 56.134
523 0.0314197 0.0409569 56.2568
524 0.0258144 0.0422092 56.3752
525 0.0260385 0.0408911 56.4924
526 0.0254124 0.0411167 56.6092
527 0.0257563 0.0396107 56.7248
528 0.0254915 0.0433523 56.844
529 0.0310402 0.0390867 56.9643
530 0.0249917 0.039234 57.0788
531 0.0259209 0.0393118 57.1944
532 0.0375659 0.0400881 57.3224
533 0.0240055 0.0430845 57.4398
534 0.0243732 0.041832 57.5564
535 0.0242492 0.0389697 57.6698
536 0.025085 0.0392648 57.7845
537 0.0253026 0.0396738 57.8997
538 0.0259147 0.0400998 58.0161
539 0.0259279 0.039514 58.1317
540 0.0255216 0.0388823 58.2465
541 0.026501 0.0393447 58.3626
542 0.0251325 0.0439205 58.482
543 0.0249697 0.0390157 58.5963
544 0.0287108 0.0443716 58.7196
545 0.0283021 0.0388919 58.837
546 0.0278501 0.0391634 58.9543
547 0.0258881 0.0388425 59.0695
548 0.024672 0.0391315 59.1835
549 0.0240562 0.0384865 59.2965
550 0.0223141 0.0393482 59.4084
551 0.0423847 0.0441136 59.5453
552 0.0235389 0.0388229 59.6581
553 0.023633 0.0384652 59.7704
554 0.0222467 0.0384007 59.8813
555 0.020671 0.0378903 59.99
556 0.0237528 0.0375499 60.1018
557 0.0245486 0.0382809 60.215
558 0.0206997 0.0412931 60.3274
559 0.0216637 0.0378661 60.4372
560 0.0213602 0.0391596 60.5481
561 0.0196654 0.0379001 60.656
562 0.020828 0.0394498 60.7665
563 0.0294911 0.0370173 60.8833
564 0.0195963 0.0401074 60.9933
565 0.020575 0.0401683 61.1043
566 0.0201707 0.0382434 61.213
567 0.0342074 0.0379886 61.3355
568 0.030658 0.0390328 61.4556
569 0.0194244 0.037659 61.5631
570 0.0206676 0.0393277 61.6735
571 0.0203469 0.0371098 61.7813
572 0.0204916 0.0369361 61.8889
573 0.0190814 0.0373282 61.9957
574 0.0186672 0.0374552 62.1022
575 0.0218571 0.0375518 62.212
576 0.0196725 0.0450522 62.327
577 0.0192134 0.0365029 62.433
578 0.017772 0.0384502 62.5396
579 0.0181358 0.0382199 62.6463
580 0.0197623 0.0367934 62.753
581 0.0189949 0.0378269 62.8602
582 0.0179851 0.0364319 62.965
583 0.0177585 0.0392523 63.0724
584 0.0188842 0.0409067 63.1826
585 0.0165396 0.0392066 63.2887
586 0.0175896 0.0407982 63.3974
587 0.0187088 0.0371397 63.5034
588 0.0182779 0.0371797 63.6092
589 0.0378198 0.0364968 63.7339
590 0.0165612 0.0388859 63.8398
591 0.0167566 0.0371759 63.9442
592 0.0187071 0.0358404 64.0491
593 0.0167194 0.0365229 64.1527
594 0.0373007 0.0349284 64.2753
595 0.016559 0.0384541 64.3806
596 0.0174493 0.0361747 64.4845
597 0.0155676 0.0362974 64.5866
598 0.0149809 0.0413825 64.6932
599 0.0169019 0.0358616 64.7963
600 0.016032 0.03602 64.8988
601 0.0171711 0.035897 65.0022
602 0.0144674 0.0361744 65.103
603 0.0144055 0.0360936 65.2037
604 0.02273 0.0370759 65.3139
605 0.0152472 0.0358559 65.4153
606 0.0249345 0.0363508 65.527
607 0.0150916 0.0355248 65.6278
608 0.0144856 0.0404667 65.733
609 0.0235672 0.041705 65.8487
610 0.0143736 0.035825 65.9493
611 0.0143939 0.0355717 66.0495
612 0.0228347 0.0445757 66.1672
613 0.0241683 0.0368755 66.2785
614 0.014161 0.0379037 66.3809
615 0.0142607 0.0355154 66.481
616 0.0139098 0.0352549 66.5805
617 0.0268862 0.037292 66.695
618 0.0134738 0.0352744 66.794
619 0.0179165 0.0345871 66.8968
620 0.0133903 0.0360104 66.9964
621 0.0187543 0.0462299 67.1115
622 0.0178839 0.0392333 67.2189
623 0.0201551 0.0341984 67.3235
624 0.0107986 0.0377536 67.4223
625 0.0121383 0.0393722 67.5241
626 0.0148386 0.03746 67.6268
627 0.0129368 0.0368149 67.7269
628 0.0129624 0.032646 67.8227
629 0.0102687 0.0356656 67.9188
630 0.0122851 0.0353056 68.0167
631 0.0119011 0.0349473 68.1139
632 0.0120495 0.0347294 68.211
633 0.0123917 0.0343476 68.3082
634 0.010366 0.0400127 68.4088
635 0.009548 0.0355488 68.504
636 0.0101358 0.0354509 68.6
637 0.0124175 0.0355877 68.6982
638 0.0167578 0.0370537 68.8022
639 0.0207167 0.043999 68.9172
640 0.014553 0.0445971 69.0269
641 0.0130305 0.0362008 69.1263
642 0.009554 0.0389058 69.2251
643 0.009702 0.0395609 69.3245
644 0.0101183 0.0389716 69.4241
645 0.0085608 0.0362694 69.519
646 0.0101332 0.0346886 69.6142
647 0.0110737 0.0343794 69.71
648 0.0082253 0.0343683 69.8028
649 0.0100844 0.0350142 69.8983
650 0.0104604 0.0352323 69.9943
651 0.0112583 0.0347689 70.0907
652 0.007905 0.034993 70.1839
653 0.0172729 0.0406718 70.292
654 0.0077945 0.0370752 70.3871
655 0.0140635 0.0459149 70.4975
656 0.0109421 0.0346885 70.5933
657 0.0074465 0.0351659 70.6861
658 0.014555 0.0528987 70.8038
659 0.0083797 0.0351384 70.8976
660 0.0092863 0.0359554 70.9931
661 0.0192711 0.0387288 71.1015
662 0.0090055 0.034535 71.1952
663 0.0072415 0.0341126 71.2868
664 0.0083347 0.0345354 71.3801
665 0.0167855 0.04095 71.4881
666 0.0088627 0.0488556 71.596
667 0.0094001 0.0325193 71.6881
668 0.0083478 0.0414825 71.7882
669 0.0079917 0.0396831 71.886
670 0.0101866 0.0475458 71.994
671 0.0075293 0.0485764 72.1002
672 0.008911 0.0645792 72.2239
673 0.0070858 0.0463845 72.3276
674 0.0069315 0.0424867 72.4272
675 0.006942 0.038169 72.5225
676 0.0067591 0.0462984 72.6257
677 0.0071172 0.0418629 72.7249
678 0.006874 0.0431037 72.825
679 0.0069365 0.0419764 72.9242
680 0.007103 0.0389169 73.0204
681 0.0077317 0.0385448 73.1169
682 0.0079448 0.0498469 73.2251
683 0.0057535 0.0342637 73.3152
684 0.0077033 0.0433449 73.4165
685 0.0072892 0.0389337 73.5129
686 0.0061102 0.0434239 73.6126
687 0.0086173 0.0466063 73.718
688 0.0084607 0.0423556 73.819
689 0.0072293 0.0380968 73.9145
690 0.0102314 0.0406751 74.0156
691 0.0060964 0.0513879 74.1233
692 0.0057407 0.0557584 74.235
693 0.007358 0.049627 74.3421
694 0.0062513 0.0593522 74.4579
695 0.0061732 0.0647303 74.579
696 0.0115324 0.0423618 74.6831
697 0.0063996 0.0423028 74.7819
698 0.0066353 0.0411677 74.88
699 0.00571 0.0531221 74.9891
700 0.0050319 0.0543473 75.0986
701 0.0104105 0.0560706 75.2153
702 0.0064984 0.0465575 75.3185
703 0.0060472 0.0388505 75.4136
704 0.0048565 0.0460949 75.5148
705 0.0043944 0.0418044 75.6112
706 0.0043942 0.0382468 75.704
707 0.0053564 0.0400963 75.7996
708 0.0049956 0.0524803 75.9073
709 0.0056372 0.0460228 76.0094
710 0.0046929 0.0473973 76.1116
711 0.0039862 0.0396126 76.2054
712 0.0044689 0.0429307 76.303
713 0.0053396 0.05071 76.4092
714 0.0046277 0.0401215 76.5042
715 0.0049912 0.0349509 76.5945
716 0.0042201 0.040065 76.6889
717 0.0044198 0.0547939 76.7983
718 0.0044146 0.0539414 76.9068
719 0.0036526 0.0405143 77.0012
720 0.0044403 0.0459728 77.1017
721 0.0044218 0.0388598 77.1952
722 0.0049951 0.0432776 77.2936
723 0.0033963 0.0361625 77.3833
724 0.0033696 0.0449291 77.4818
725 0.0035191 0.0370138 77.5725
726 0.0030502 0.0388852 77.6646
727 0.0030146 0.0591648 77.7769
728 0.0035688 0.0684352 77.8991
729 0.0029848 0.0429818 77.9952
730 0.0033198 0.0380325 78.0868
731 0.0046066 0.0499761 78.1915
732 0.0032877 0.0434013 78.2884
733 0.0036959 0.0372433 78.3796
734 0.0033483 0.042856 78.476
735 0.0036175 0.0456312 78.5754
736 0.0094323 0.0488641 78.6839
737 0.0033102 0.0446715 78.7821
738 0.003657 0.0468111 78.8828
739 0.0033494 0.0422192 78.9785
740 0.0026358 0.0527909 79.0841
741 0.0027966 0.0473785 79.1846
742 0.0036197 0.0403607 79.2788
743 0.0027004 0.0494801 79.3811
744 0.0022945 0.039647 79.4732
745 0.0026322 0.0401337 79.5661
746 0.0023551 0.0433346 79.662
747 0.0022117 0.043672 79.758
748 0.0022828 0.041822 79.8523
749 0.0033465 0.0401103 79.946
750 0.0021289 0.036314 80.0346
751 0.0035163 0.0448617 80.1331
752 0.0022782 0.0443498 80.23
753 0.0022214 0.0513957 80.3338
754 0.0022753 0.0438791 80.4302
755 0.0019239 0.0402035 80.5225
756 0.002436 0.0543529 80.6295
757 0.001963 0.0369413 80.7186
758 0.0027333 0.0449333 80.8164
759 0.0016874 0.0449615 80.9132
760 0.0020742 0.0577432 81.0232
761 0.0021192 0.0437692 81.1193
762 0.0026561 0.0627975 81.235
763 0.0028588 0.0580195 81.346
764 0.0016912 0.0640694 81.462
765 0.001923 0.077374 81.5915
766 0.0108772 0.0639749 81.7165
767 0.0014294 0.0327513 81.8009
768 0.0018074 0.0774732 81.9303
769 0.0016837 0.0458018 82.0281
770 0.0016616 0.0456436 82.1256
771 0.0015387 0.0549251 82.2323
772 0.0013148 0.0395997 82.3234
773 0.0015937 0.0548619 82.43
774 0.0015369 0.0511261 82.5329
775 0.0015112 0.0421594 82.6269
776 0.0012419 0.0357321 82.7142
777 0.0012587 0.0355185 82.8012
778 0.0011847 0.0436442 82.8964
779 0.0014407 0.0381643 82.9862
780 0.0017021 0.0429613 83.0813
781 0.0012045 0.0355233 83.1682
782 0.0011934 0.0454442 83.2652
783 0.001293 0.0361622 83.3528
784 0.001704 0.0354794 83.4404
785 0.0011228 0.0362773 83.5282
786 0.001185 0.0330555 83.6126
787 0.0012544 0.0511466 83.7152
788 0.0012947 0.057911 83.8245
789 0.0009149 0.0725997 83.9483
790 0.0008662 0.0640507 84.0634
791 0.0008731 0.0366258 84.151
792 0.000832501 0.0451654 84.2472
793 0.0008434 0.0368026 84.3351
794 0.0008572 0.0376489 84.4238
795 0.0008002 0.0612592 84.536
796 0.0014392 0.0421465 84.6298
797 0.0007162 0.0394845 84.7202
798 0.001211 0.0397433 84.8114
799 0.0007481 0.0378981 84.9001
800 0.0006631 0.0463194 84.9973
801 0.0007415 0.0446653 85.0929
802 0.000814501 0.0386355 85.1825
803 0.0006913 0.035986 85.2694
804 0.0014028 0.0400984 85.3611
805 0.0006306 0.046524 85.4584
806 0.000696401 0.0379295 85.5472
807 0.000588 0.0402686 85.6383
808 0.0006349 0.0419309 85.731
809 0.0093294 0.0445392 85.835
810 0.0006687 0.0407426 85.9268
811 0.0004964 0.0333815 86.0109
812 0.0006302 0.0373281 86.0992
813 0.0006708 0.0328645 86.1832
814 0.0005946 0.032817 86.267
815 0.0007205 0.0467614 86.3649
816 0.0005471 0.0336569 86.4494
817 0.0005906 0.0430689 86.5433
818 0.0005131 0.0339211 86.6281
819 0.0006374 0.0337074 86.7126
820 0.0005265 0.0338598 86.7973
821 0.0005254 0.0339517 86.882
822 0.0005922 0.0401611 86.9732
823 0.0004923 0.0333297 87.0574
824 0.0004547 0.03328 87.1414
825 0.0004601 0.030774 87.2229
826 0.000475701 0.0312844 87.3049
827 0.000520901 0.0353742 87.3912
828 0.0004264 0.0309991 87.473
829 0.000447 0.0330344 87.5569
830 0.0003937 0.0306576 87.6381
831 0.0003496 0.0365256 87.7254
832 0.000372201 0.037652 87.814
833 0.000356501 0.0326975 87.8975
834 0.0003755 0.0321777 87.9804
835 0.0003506 0.0338567 88.0649
836 0.0003341 0.03246 88.1479
837 0.0003496 0.035357 88.2338
838 0.0003165 0.0328587 88.3173
839 0.0003342 0.130839 88.4987
840 0.000254301 0.0422134 88.5914
841 0.0003343 0.0395471 88.6814
842 0.0002629 0.0396013 88.7715
843 0.0002338 0.0407222 88.8627
844 0.0003619 0.0416036 88.9549
845 0.0002302 0.0365166 89.0419
846 0.0002703 0.0391607 89.1315
847 0.0002485 0.0342343 89.2162
848 0.000247 0.0331145 89.2999
849 0.0002668 0.038029 89.3884
850 0.0002095 0.0319621 89.4708
851 0.000269 0.042056 89.5634
852 0.0001874 0.057596 89.6714
853 0.0002398 0.0388514 89.7607
854 0.0001965 0.0373851 89.8485
855 0.000231 0.0411981 89.9401
856 0.0002456 0.120889 90.1114
857 0.0002032 0.131845 90.2937
858 0.000193 0.0447262 90.3889
859 0.0001584 0.0384583 90.4777
860 0.0001773 0.0384354 90.5665
861 0.0001851 0.0385396 90.6554
862 0.0001499 0.0307546 90.7365
863 0.0077602 0.0379216 90.8324
864 0.0087313 0.0418788 90.9336
865 0.0084651 0.0397828 91.0321
866 0.000222 0.038452 91.121
867 0.0001624 0.0305124 91.202
868 0.0001934 0.036356 91.2889
869 0.0001962 0.0335705 91.373
870 0.0002046 0.0309535 91.4544
871 0.0001559 0.0338062 91.5388
872 0.0003531 0.0761558 91.6657
873 0.0002127 0.0415418 91.7576
874 0.0001591 0.0369316 91.8449
875 0.0001524 0.0321387 91.9276
876 0.0001948 0.0338672 92.0121
877 0.0001754 0.0484125 92.111
878 0.0001814 0.033402 92.195
879 0.0001803 0.0322761 92.2776
880 0.000278 0.0618532 92.3902
881 0.0001966 0.0326813 92.4733
882 0.0001628 0.0331541 92.5571
883 0.000156 0.0308035 92.6384
884 0.0001748 0.0322108 92.721
885 0.0002106 0.0331118 92.8047
886 0.0004395 0.046322 92.9018
887 0.000151 0.0333725 92.9856
888 0.0023124 0.0443551 93.0827
889 0.0002169 0.0465041 93.1796
890 0.0001579 0.0322158 93.2621
891 0.000131 0.0702368 93.3827
892 0.0001195 0.0363214 93.4693
893 0.0012569 0.0541399 93.575
894 0.000138 0.0402353 93.6656
895 0.0001302 0.0396728 93.7557
896 0.0001974 0.036189 93.8424
897 0.000145801 0.0340701 93.927
898 0.000184001 0.0328985 94.0103
899 0.0001462 0.0324965 94.0932
900 0.0084767 0.0322761 94.1843
901 0.000308 0.0455311 94.2805
902 0.000239 0.0487769 94.3797
903 0.0001324 0.0432226 94.4732
904 0.0001569 0.0400594 94.5636
905 0.000155 0.0391942 94.6531
906 0.0009068 0.0394889 94.744
907 0.0001517 0.031833 94.8264
908 0.0001386 0.0310084 94.9077
909 0.0001218 0.0422077 95.0004
910 0.000166201 0.0318126 95.0826
911 0.0002532 0.0342711 95.1673
912 0.0001737 0.0324882 95.2501
913 0.0001664 0.0327188 95.3585
914 0.0070821 0.0470372 95.4629
915 0.0001175 0.0366199 95.5498
916 0.0001616 0.0332288 95.6335
917 0.000149 0.0333767 95.7173
918 0.0002376 0.0593794 95.8273
919 0.000151 0.0334206 95.9112
920 0.0001514 0.0322764 95.9939
921 0.0001146 0.0328184 96.0772
922 0.0002613 0.0425215 96.1701
923 0.0018777 0.0309966 96.2534
924 0.0078495 0.043893 96.3556
925 0.0001317 0.0325986 96.4386
926 0.0001312 0.0334114 96.5224
927 0.000216 0.0580706 96.6311
928 0.0001565 0.0392736 96.7209
929 0.0001922 0.0311843 96.8025
930 0.0010544 0.0322572 96.886
931 0.0011861 0.041149 96.9787
932 0.0001576 0.033263 97.0623
933 0.0001314 0.0317746 97.1445
934 0.0001287 0.032555 97.2276
935 0.0001272 0.0324961 97.3105
936 0.0001422 0.0324807 97.3934
937 0.000196 0.0443984 97.4883
938 0.0001155 0.0332628 97.5719
939 0.000256 0.0534578 97.6759
940 0.0015081 0.0322255 97.76
941 0.000213 0.0500759 97.8607
942 0.0001469 0.039135 97.9503
943 0.0001531 0.0402835 98.0409
944 0.0001245 0.0306909 98.1221
945 0.0002084 0.0318392 98.2045
946 0.0003187 0.0502762 98.3052
947 0.0001517 0.047531 98.4032
948 0.0006783 0.0349988 98.4891
949 0.000158999 0.036379 98.5758
950 0.0001204 0.0333193 98.6596
951 0.0001269 0.0329398 98.743
952 0.0001268 0.0310276 98.8245
953 0.0001617 0.0333537 98.9082
954 0.0001373 0.0321817 98.9909
955 0.0001583 0.0346464 99.076
956 0.0057062 0.0511213 99.1831
957 0.0001098 0.0377818 99.2712
958 0.0001172 0.0307514 99.3523
959 0.0012394 0.031628 99.4354
960 0.0023732 0.051889 99.5402
961 0.0001696 0.0313585 99.6221
962 0.0001539 0.0353589 99.708
963 0.0001792 0.0334878 99.7921
964 0.0002928 0.0503461 99.8931
965 0.0001377 0.0365945 99.98
966 0.000119999 0.0322411 100.063
967 0.0002159 0.0465541 100.16
968 0.0001808 0.0433366 100.253
969 0.0004866 0.0312226 100.336
970 0.0020271 0.0511283 100.439
971 0.0001229 0.0337146 100.523
972 0.000129 0.0311879 100.605
973 0.00017 0.0330409 100.689
974 9.33e-05 0.034231 100.773
975 0.0001311 0.0331715 100.857
976 0.0001206 0.0318661 100.939
977 0.0001175 0.0324187 101.022
978 0.0001408 0.0327196 101.105
979 0.0001193 0.0326742 101.188
980 9.83e-05 0.0318895 101.27
981 0.0017781 0.0331319 101.355
982 0.0001324 0.0306943 101.436
983 0.0007492 0.0477428 101.535
984 0.0024539 0.043941 101.632
985 0.0002748 0.0487906 101.731
986 0.0001273 0.0351879 101.817
987 0.0001327 0.0329141 101.9
988 0.0001334 0.0320961 101.983
989 0.0002308 0.0483764 102.082
990 0.0001186 0.0327517 102.165
991 0.000204 0.0460961 102.262
992 0.0001427 0.0388078 102.351
993 0.0001177 0.0323131 102.434
994 0.0002438 0.0466997 102.531
995 0.0002313 0.0639259 102.646
996 0.0001493 0.0501831 102.746
997 9.98e-05 0.0350193 102.832
998 0.0001487 0.0459688 102.928
999 0.0001135 0.0320691 103.011
1000 0.0001197 0.0427767 103.104
1001 0.0002535 0.0414151 103.196
1002 0.0001101 0.041208 103.287
1003 0.00012 0.0494724 103.387
1004 0.0002071 0.0462275 103.484
1005 0.0001225 0.0487571 103.583
1006 9.49e-05 0.048444 103.681
1007 0.0001111 0.0463813 103.778
1008 0.0001144 0.0412886 103.87
1009 0.0008528 0.0416461 103.962
1010 0.0001253 0.0375981 104.05
1011 9.8e-05 0.0444432 104.145
1012 0.0001066 0.0485519 104.244
1013 0.0001 0.0381436 104.332
1014 0.0001006 0.0525648 104.435
1015 0.0012981 0.039796 104.527
1016 0.0001024 0.0434542 104.62
1017 0.0002133 0.04283 104.714
1018 0.0001051 0.0374838 104.801
1019 0.0001166 0.0470729 104.899
1020 0.0001092 0.0418091 104.991
1021 9.39e-05 0.0325571 105.074
1022 0.0001433 0.0372858 105.162
1023 0.0001323 0.032136 105.244
1024 0.000135 0.032298 105.327
1025 0.0001127 0.0386127 105.416
1026 0.0001627 0.0325429 105.499
1027 0.0001917 0.0435487 105.593
1028 0.0001171 0.0333855 105.677
1029 0.0001136 0.0333387 105.761
1030 8.9e-05 0.0347536 105.846
1031 0.0001344 0.0334722 105.93
1032 0.0001365 0.0325475 106.013
1033 0.0001379 0.0323288 106.095
1034 0.0002157 0.0562848 106.202
1035 0.001225 0.0335164 106.287
1036 0.0002185 0.0309837 106.369
1037 0.0019017 0.035711 106.457
1038 0.0001047 0.0379671 106.545
1039 0.0001929 0.0593349 106.655
1040 9.92e-05 0.0334249 106.739
1041 0.0001207 0.032779 106.822
1042 0.0001351 0.034 106.906
1043 0.0002133 0.0441151 107.001
1044 0.0001281 0.0370595 107.089
1045 0.000127 0.0327726 107.172
1046 0.0001637 0.0327943 107.255
1047 0.0001153 0.0323516 107.338
1048 0.000122601 0.0307017 107.419
1049 0.0011528 0.0353631 107.506
1050 0.0001112 0.0326826 107.589
1051 0.0001757 0.0479404 107.687
1052 0.0008072 0.0439174 107.782
1053 0.000208 0.0433077 107.876
1054 0.0001026 0.0334705 107.96
1055 0.0001558 0.0333128 108.044
1056 0.00015 0.056557 108.151
1057 0.000145 0.0325715 108.234
1058 0.0001236 0.0391181 108.323
1059 0.0001166 0.0344299 108.408
1060 0.0001493 0.0347285 108.493
1061 0.0001709 0.0387776 108.582
1062 0.0001796 0.0466658 108.68
1063 0.0001582 0.0330724 108.763
1064 0.0002169 0.0472818 108.861
1065 0.0001303 0.0363939 108.948
1066 0.0001178 0.0346586 109.033
1067 0.0001246 0.0333982 109.117
1068 0.0001037 0.0380309 109.205
1069 0.0001387 0.0309764 109.286
1070 0.000569 0.0337513 109.371
1071 0.0001031 0.0306742 109.452
1072 0.0012172 0.0342374 109.538
1073 9.5e-05 0.0331434 109.621
1074 0.0001013 0.0306916 109.702
1075 0.0012334 0.034068 109.788
1076 9.58e-05 0.0326719 109.871
1077 0.00012 0.03097 109.952
1078 0.0013376 0.0316961 110.035
1079 0.0013314 0.038967 110.126
1080 0.0001704 0.0321095 110.209
1081 0.0001381 0.034892 110.294
1082 0.0002069 0.0660254 110.41
1083 0.000169 0.0383783 110.499
1084 0.0002179 0.0494182 110.599
1085 0.0001421 0.031935 110.682
1086 0.0001118 0.0342704 110.766
1087 0.0066779 0.0329239 110.856
