TimeStep Temps_Avancement Temps_Affichage Temps_Simulation
1 0.0001674 0.16714 0.218789
2 6.17e-05 0.0517716 0.320788
3 5.45e-05 0.0352638 0.406463
4 0.000137701 0.0488909 0.505654
5 0.0001033 0.0375623 0.593628
6 0.0002681 0.056525 0.700786
7 0.0001056 0.0356785 0.786786
8 9.45e-05 0.0338091 0.871036
9 0.0001274 0.0322132 0.953725
10 0.0001353 0.0284092 1.03263
11 0.0001206 0.0264333 1.10958
12 9.16e-05 0.0294267 1.18957
13 0.0002186 0.0465693 1.28672
14 0.0002136 0.0595765 1.39689
15 0.0001182 0.0552317 1.50259
16 0.0001637 0.0273425 1.58027
17 0.0001396 0.0280358 1.65879
18 0.000158801 0.0278856 1.73717
19 0.0002448 0.0446346 1.83223
20 0.0001415 0.0259605 1.90867
21 0.0002188 0.0276407 1.98675
22 0.0001686 0.0259939 2.06316
23 0.000166 0.0257326 2.13938
24 0.000325 0.0430329 2.23299
25 0.0001899 0.0273513 2.31072
26 0.0002292 0.0266675 2.38781
27 0.0002058 0.0251118 2.46353
28 0.0002977 0.0263179 2.54049
29 0.0003567 0.0491457 2.64031
30 0.0004487 0.0552573 2.74621
31 0.0002235 0.0413071 2.83799
32 0.0002599 0.0349178 2.9235
33 0.0002348 0.0336365 3.00767
34 0.0002214 0.0385844 3.09683
35 0.0003427 0.0296408 3.1771
36 0.0006037 0.0444796 3.27249
37 0.0006372 0.056426 3.37991
38 0.000311 0.0341049 3.46468
39 0.0002837 0.031161 3.54632
40 0.0003167 0.0257259 3.62267
41 0.0005457 0.0404287 3.71387
42 0.00032 0.0302251 3.79468
43 0.0004903 0.0269331 3.87249
44 0.0003553 0.0251831 3.94823
45 0.0003482 0.0417886 4.04073
46 0.0003825 0.0271311 4.1186
47 0.0004466 0.0272073 4.1966
48 0.000397001 0.0265952 4.2738
49 0.000379 0.0275201 4.35189
50 0.0004032 0.0266151 4.42915
51 0.0010042 0.0452841 4.52591
52 0.0004297 0.0281923 4.60472
53 0.0004414 0.0256772 4.68122
54 0.0004293 0.0256443 4.75769
55 0.000439 0.0463158 4.85473
56 0.0009013 0.0456924 4.95176
57 0.0005556 0.0304766 5.03313
58 0.000976301 0.0571572 5.14163
59 0.000520801 0.0274325 5.21995
60 0.0004996 0.0257861 5.29639
61 0.0004449 0.0262832 5.3735
62 0.0005565 0.0270612 5.45143
63 0.0010518 0.0399287 5.54269
64 0.001377 0.0458829 5.64032
65 0.0005811 0.0276381 5.71907
66 0.0010905 0.0420919 5.81248
67 0.0006665 0.026397 5.88983
68 0.0011229 0.0469561 5.98828
69 0.0008418 0.043078 6.08265
70 0.0006995 0.0266133 6.16031
71 0.0008759 0.0284625 6.23998
72 0.0012349 0.0376977 6.32916
73 0.0018591 0.0384458 6.41994
74 0.0007313 0.0255736 6.49642
75 0.0007059 0.0255647 6.57283
76 0.0009458 0.0271958 6.65135
77 0.000831701 0.0254859 6.72789
78 0.0013109 0.0265081 6.80591
79 0.0014786 0.0544221 6.91207
80 0.0010393 0.0260902 6.98953
81 0.0016175 0.0576557 7.09906
82 0.0018425 0.0439148 7.19508
83 0.0013493 0.0256804 7.27248
84 0.0009363 0.0274316 7.35123
85 0.0008919 0.0272711 7.42962
86 0.0016622 0.0434017 7.52506
87 0.0010036 0.0298236 7.60624
88 0.000937301 0.0274418 7.68485
89 0.0010942 0.0265309 7.76284
90 0.0008871 0.0262686 7.84035
91 0.0010738 0.0283985 7.92003
92 0.0011103 0.025927 7.99743
93 0.0010578 0.0257844 8.07457
94 0.0021295 0.0566941 8.18363
95 0.0021377 0.0371857 8.27315
96 0.0010933 0.0333338 8.35798
97 0.0011751 0.0283899 8.43791
98 0.0014295 0.028244 8.51794
99 0.0012208 0.0259905 8.59537
100 0.0017138 0.0273458 8.67485
101 0.0012409 0.0306336 8.7571
102 0.001359 0.0277669 8.83647
103 0.0013476 0.0256907 8.91384
104 0.0013688 0.0261779 8.99169
105 0.0028636 0.0413925 9.08628
106 0.002621 0.0377996 9.17706
107 0.0028313 0.0286421 9.25886
108 0.0022044 0.0272501 9.33865
109 0.0029156 0.0484431 9.44038
110 0.0035933 0.0431901 9.53745
111 0.0038962 0.0467199 9.63849
112 0.0018215 0.0271377 9.71767
113 0.0019538 0.02828 9.79807
114 0.0018563 0.0264568 9.8768
115 0.0035988 0.0264827 9.95723
116 0.0021219 0.0299211 10.0396
117 0.0037 0.0452184 10.1388
118 0.0039465 0.0565891 10.2496
119 0.0038432 0.049484 10.3533
120 0.0021229 0.0269241 10.4325
121 0.003803 0.0400198 10.5267
122 0.0040186 0.0293801 10.6105
123 0.0040119 0.0323453 10.6972
124 0.0023238 0.0263848 10.7763
125 0.0041906 0.0281378 10.8589
126 0.0076538 0.0370101 10.9538
127 0.0046751 0.0439464 11.0528
128 0.0023552 0.0500137 11.1555
129 0.0025897 0.0289195 11.2373
130 0.0030676 0.0337257 11.3243
131 0.0046889 0.0375218 11.4168
132 0.0028309 0.0388851 11.5087
133 0.0051797 0.0326918 11.5969
134 0.0025551 0.026828 11.6767
135 0.0046455 0.0265261 11.7581
136 0.0042376 0.0308698 11.8435
137 0.0053561 0.0324015 11.9316
138 0.0028637 0.0267077 12.0114
139 0.0037425 0.0281631 12.0937
140 0.0049836 0.0311894 12.1802
141 0.0034843 0.029672 12.2639
142 0.002981 0.0270511 12.3441
143 0.0044131 0.0331596 12.4321
144 0.003048 0.026786 12.5122
145 0.0032977 0.0272437 12.5931
146 0.0048873 0.0264928 12.6749
147 0.0057214 0.0289495 12.7597
148 0.0087372 0.0476101 12.8664
149 0.0087198 0.0376858 12.963
150 0.0030178 0.0268221 13.043
151 0.0103483 0.0391128 13.1429
152 0.0052989 0.028228 13.2268
153 0.0068075 0.0356348 13.3195
154 0.0052388 0.0423315 13.4175
155 0.0034089 0.0268337 13.498
156 0.006205 0.037779 13.5921
157 0.0092939 0.0397131 13.6916
158 0.0058762 0.0264434 13.7741
159 0.0095537 0.0313427 13.8653
160 0.0065571 0.0539079 13.9763
161 0.0056874 0.0270062 14.0592
162 0.0062716 0.0316985 14.1474
163 0.007401 0.0437764 14.2488
164 0.007065 0.0367724 14.3428
165 0.0106872 0.0518859 14.4557
166 0.005128 0.0290317 14.5402
167 0.0048731 0.0292159 14.6245
168 0.0065201 0.0273181 14.7085
169 0.0103297 0.0453187 14.8145
170 0.0079735 0.0383217 14.911
171 0.0098108 0.053628 15.0249
172 0.0065527 0.0270783 15.1089
173 0.0067835 0.0305183 15.1964
174 0.005899 0.0283241 15.281
175 0.0045265 0.0298202 15.3655
176 0.0046624 0.0301225 15.4505
177 0.0051544 0.0472571 15.5531
178 0.0055704 0.0343051 15.6432
179 0.0088011 0.0302455 15.7325
180 0.0060736 0.03358 15.8223
181 0.0048568 0.0297773 15.9073
182 0.0084138 0.0303304 15.9963
183 0.0050776 0.0304523 16.0823
184 0.0067776 0.0294801 16.1689
185 0.0052807 0.0306599 16.2552
186 0.0080125 0.0284807 16.342
187 0.0087555 0.0301914 16.4313
188 0.0170053 0.0395248 16.5381
189 0.012211 0.0391694 16.6397
190 0.0137683 0.0376174 16.7414
191 0.0086114 0.0320238 16.8324
192 0.0109035 0.0434334 16.937
193 0.0060647 0.030386 17.0238
194 0.0104589 0.0366271 17.1213
195 0.0076404 0.0292226 17.2084
196 0.0083265 0.0287844 17.2957
197 0.0066841 0.0308493 17.3835
198 0.0064272 0.0302862 17.4705
199 0.0065934 0.0308539 17.5583
200 0.0090358 0.0356579 17.6534
201 0.0109385 0.0293402 17.7439
202 0.009739 0.0365851 17.8404
203 0.0101651 0.0296183 17.9306
204 0.0199382 0.0363308 18.0371
205 0.022621 0.0451578 18.1553
206 0.0098162 0.0322735 18.2477
207 0.0087717 0.0315977 18.3385
208 0.0160715 0.0444451 18.4494
209 0.007242 0.0311457 18.5382
210 0.0103481 0.0280921 18.6269
211 0.0088176 0.0309943 18.7171
212 0.0077993 0.0311753 18.8065
213 0.0097844 0.0286334 18.8951
214 0.0142504 0.0388183 18.9986
215 0.0072516 0.0311881 19.0872
216 0.0101265 0.0290205 19.1767
217 0.0211894 0.0442164 19.2925
218 0.0098691 0.0296261 19.3824
219 0.0073351 0.0306648 19.4707
220 0.011208 0.0296109 19.5618
221 0.0083042 0.031212 19.6515
222 0.0133205 0.028811 19.7439
223 0.0103611 0.0327459 19.8373
224 0.010845 0.0301852 19.9287
225 0.0088522 0.0326842 20.0205
226 0.011456 0.0286882 20.1109
227 0.0098954 0.0313643 20.2026
228 0.010561 0.0294191 20.2929
229 0.0109465 0.0309749 20.3852
230 0.0091793 0.0304809 20.4753
231 0.0111227 0.0309047 20.5677
232 0.0191338 0.0381676 20.6754
233 0.0151884 0.0312362 20.7722
234 0.0120034 0.0308329 20.8654
235 0.0190365 0.0382548 20.9731
236 0.0122621 0.0297319 21.0653
237 0.0099549 0.0327062 21.1583
238 0.0132359 0.0328291 21.2545
239 0.0135298 0.0294754 21.3479
240 0.0221901 0.0365172 21.457
241 0.0133498 0.0386211 21.5592
242 0.021847 0.0321197 21.6635
243 0.0108963 0.031766 21.7565
244 0.0145528 0.031093 21.8525
245 0.0133134 0.0302803 21.9464
246 0.0133812 0.0331897 22.0433
247 0.0245931 0.0332921 22.1517
248 0.0140741 0.0300777 22.2461
249 0.0125244 0.0324714 22.3414
250 0.0264349 0.0348817 22.4531
251 0.0144895 0.0325879 22.5504
252 0.0248917 0.03857 22.6643
253 0.0147758 0.0312318 22.7606
254 0.0146279 0.0335302 22.8591
255 0.0163937 0.0336356 22.9596
256 0.015158 0.0408159 23.066
257 0.0157685 0.030271 23.1623
258 0.0306831 0.0467452 23.29
259 0.0155484 0.0326119 23.3885
260 0.0203863 0.0331622 23.4922
261 0.0161312 0.0328327 23.5915
262 0.0165943 0.0329299 23.6914
263 0.0164497 0.0332339 23.7915
264 0.0221129 0.0320867 23.8959
265 0.017304 0.0328556 23.9964
266 0.0175926 0.0332577 24.0975
267 0.033526 0.0457474 24.2271
268 0.0218316 0.034327 24.3336
269 0.0177332 0.0353286 24.437
270 0.0211784 0.0337605 24.5422
271 0.019303 0.0343396 24.646
272 0.0190763 0.031246 24.7465
273 0.0290531 0.0341324 24.8599
274 0.0205654 0.0329802 24.9638
275 0.0192132 0.0327951 25.0663
276 0.0192721 0.0339154 25.1698
277 0.0223001 0.0483414 25.2909
278 0.0211921 0.0345407 25.397
279 0.0364448 0.0321694 25.5159
280 0.038055 0.0351054 25.6395
281 0.0232061 0.0348508 25.748
282 0.0208622 0.0336421 25.8527
283 0.0205418 0.0356825 25.9591
284 0.0249907 0.0346468 26.0691
285 0.0216692 0.033879 26.175
286 0.0280353 0.0341688 26.2876
287 0.0210772 0.0336751 26.3927
288 0.0395066 0.0388572 26.5215
289 0.0271245 0.0437616 26.6427
290 0.0231212 0.0343309 26.7504
291 0.0202962 0.0346587 26.8555
292 0.0269902 0.0357473 26.9686
293 0.0216959 0.0340202 27.0746
294 0.0230032 0.0327521 27.1808
295 0.0215508 0.0344717 27.2871
296 0.0222819 0.0357719 27.3954
297 0.0216566 0.0348308 27.502
298 0.0238784 0.0372604 27.6135
299 0.0276267 0.0353189 27.7268
300 0.0227972 0.0349707 27.8349
301 0.035546 0.0347311 27.9556
302 0.0306047 0.0362408 28.0727
303 0.0355272 0.0348314 28.1933
304 0.024908 0.040978 28.3095
305 0.0277232 0.0364185 28.4239
306 0.0275165 0.0366881 28.5383
307 0.0282962 0.0353196 28.6522
308 0.0331398 0.0359826 28.7717
309 0.0238292 0.0366917 28.8826
310 0.0234691 0.0353457 28.9916
311 0.0262738 0.0365137 29.1047
312 0.0246812 0.0357113 29.2153
313 0.0244322 0.036979 29.3269
314 0.0254812 0.0368445 29.4395
315 0.0248428 0.0361771 29.5509
316 0.0234571 0.0362359 29.6608
317 0.0264806 0.0359403 29.7736
318 0.02867 0.0358334 29.8885
319 0.0281055 0.0363326 30.0031
320 0.0276639 0.0426882 30.124
321 0.0267893 0.0360482 30.237
322 0.0260492 0.0367352 30.3502
323 0.0399278 0.0362508 30.4768
324 0.040235 0.0366875 30.6039
325 0.0306775 0.0367733 30.7216
326 0.0293774 0.0364015 30.8375
327 0.0290665 0.0362095 30.9532
328 0.0276269 0.0369927 31.0682
329 0.0291373 0.037896 31.1856
330 0.0432645 0.0357349 31.3148
331 0.0307514 0.0371045 31.433
332 0.0295221 0.0358224 31.5485
333 0.0392517 0.0380446 31.6762
334 0.0300111 0.0372135 31.7937
335 0.0430241 0.0366508 31.9238
336 0.0289806 0.0374536 32.0405
337 0.0326556 0.0379481 32.1613
338 0.0275612 0.0372835 32.2766
339 0.0282429 0.0376069 32.3928
340 0.0296495 0.0373338 32.51
341 0.029422 0.0377408 32.6274
342 0.048675 0.0389801 32.7655
343 0.0300556 0.0373502 32.8832
344 0.0369114 0.0366135 33.0069
345 0.0318412 0.0371916 33.1264
346 0.0294831 0.0411649 33.2474
347 0.0281217 0.0379653 33.3637
348 0.0285101 0.0403578 33.4829
349 0.0313991 0.0375225 33.6022
350 0.0295476 0.0372261 33.7192
351 0.0386546 0.038145 33.8463
352 0.0281241 0.0457235 33.9706
353 0.0314369 0.0387795 34.0913
354 0.0301116 0.0376273 34.2094
355 0.033391 0.0388163 34.3319
356 0.0321641 0.0390967 34.4534
357 0.0317034 0.0376468 34.5731
358 0.0311901 0.0379473 34.6926
359 0.0308236 0.0438324 34.8176
360 0.0321127 0.0379599 34.9379
361 0.030312 0.0378323 35.0564
362 0.0308572 0.0386319 35.1763
363 0.0325698 0.0391974 35.2982
364 0.0541243 0.038267 35.4408
365 0.0312111 0.0411715 35.5635
366 0.0359562 0.038797 35.6885
367 0.0344574 0.0404804 35.8138
368 0.0334564 0.0397951 35.9373
369 0.0581927 0.0393661 36.0852
370 0.0421462 0.0397684 36.2175
371 0.0348946 0.0387325 36.3415
372 0.0343631 0.040594 36.4666
373 0.032935 0.0393091 36.589
374 0.032326 0.0381796 36.7096
375 0.031856 0.0405978 36.8325
376 0.0343751 0.045029 36.9621
377 0.0315895 0.0398944 37.0838
378 0.0347268 0.0377832 37.2065
379 0.0324062 0.0417973 37.3309
380 0.0359047 0.0402203 37.4574
381 0.0327554 0.0420119 37.5823
382 0.0360997 0.0386889 37.7074
383 0.0446043 0.0390377 37.8415
384 0.0333467 0.0469226 37.9722
385 0.0351954 0.0415339 38.0991
386 0.0327342 0.0383192 38.2203
387 0.0340941 0.0414841 38.3461
388 0.0313066 0.0401333 38.4679
389 0.0330654 0.0389279 38.5902
390 0.0336534 0.0395718 38.7139
391 0.0338957 0.0390811 38.8372
392 0.0351779 0.0392848 38.9618
393 0.0371961 0.038483 39.0878
394 0.0440221 0.0387099 39.2207
395 0.032789 0.0391991 39.3429
396 0.038546 0.0390368 39.4707
397 0.0357377 0.0430724 39.5997
398 0.0337823 0.0399932 39.7238
399 0.0345375 0.0434895 39.8522
400 0.0528276 0.0411886 39.9965
401 0.0364123 0.0390593 40.1222
402 0.0338282 0.0414046 40.2478
403 0.0367694 0.0387647 40.3737
404 0.0426879 0.0440074 40.5106
405 0.0448385 0.0392815 40.6449
406 0.0395509 0.0395058 40.7743
407 0.0353195 0.0421194 40.9021
408 0.0367668 0.0397318 41.029
409 0.0540281 0.0400837 41.1733
410 0.0367258 0.041513 41.3019
411 0.037717 0.0415751 41.4317
412 0.0364981 0.0463993 41.5647
413 0.0705593 0.0691561 41.7546
414 0.0409519 0.0412725 41.8871
415 0.0398609 0.0441885 42.0214
416 0.0381931 0.0479434 42.158
417 0.0345583 0.0414942 42.2844
418 0.0347997 0.0391337 42.4085
419 0.0447493 0.0406785 42.5443
420 0.0396366 0.0411357 42.6755
421 0.0437779 0.0399341 42.8093
422 0.0378301 0.0405034 42.938
423 0.0351416 0.0398469 43.0634
424 0.0354464 0.0395767 43.1886
425 0.0411923 0.0403304 43.3205
426 0.0352247 0.0409897 43.447
427 0.040213 0.0399869 43.5774
428 0.0516432 0.0393379 43.7187
429 0.0362879 0.0431223 43.8483
430 0.0508034 0.0458217 43.9952
431 0.0522532 0.0409094 44.1386
432 0.0534334 0.0444501 44.2868
433 0.0442175 0.0400255 44.4213
434 0.0381246 0.0462999 44.5561
435 0.0363307 0.0432983 44.6859
436 0.0371525 0.0421996 44.8156
437 0.0364828 0.043981 44.9465
438 0.0361022 0.0393848 45.0722
439 0.0363386 0.0411371 45.2
440 0.0370992 0.0420766 45.3295
441 0.0380483 0.0398055 45.4577
442 0.0404025 0.0404811 45.5888
443 0.0622491 0.0572325 45.7584
444 0.0453371 0.0402225 45.8942
445 0.0409768 0.039825 46.0255
446 0.0361484 0.0421365 46.1539
447 0.0356201 0.0409355 46.2807
448 0.0356799 0.0446699 46.4113
449 0.0362703 0.043188 46.5409
450 0.111599 0.0446513 46.7474
451 0.0411301 0.048786 46.8875
452 0.04477 0.0426288 47.025
453 0.0391585 0.0410749 47.1555
454 0.0500046 0.0422238 47.2982
455 0.0529079 0.0396274 47.4409
456 0.0382189 0.0431886 47.5726
457 0.0346126 0.0408171 47.6984
458 0.0352068 0.0397434 47.8236
459 0.0413586 0.0408529 47.9562
460 0.0645567 0.0432468 48.1144
461 0.038365 0.0399675 48.243
462 0.0381852 0.0409264 48.3724
463 0.0394199 0.0417054 48.5038
464 0.0496468 0.0426525 48.6464
465 0.0373895 0.0402188 48.7744
466 0.0347521 0.0430976 48.9024
467 0.0359564 0.041149 49.0297
468 0.0360118 0.0397164 49.1558
469 0.0525195 0.0418737 49.3005
470 0.0345444 0.0412063 49.4265
471 0.0378287 0.0418709 49.5565
472 0.0483335 0.0422177 49.6975
473 0.0523981 0.0410814 49.8412
474 0.0378341 0.0400204 49.9694
475 0.0369574 0.041838 50.0984
476 0.035263 0.0401536 50.2242
477 0.0350536 0.042647 50.3521
478 0.0339758 0.0392529 50.4756
479 0.0336475 0.0431561 50.6028
480 0.0372706 0.0492729 50.7397
481 0.0437417 0.0395838 50.8733
482 0.0493464 0.0418307 51.0148
483 0.0343145 0.0395888 51.139
484 0.0340918 0.0453029 51.2688
485 0.0345666 0.0399839 51.3935
486 0.0323609 0.0415511 51.5178
487 0.0383997 0.048435 51.6549
488 0.0501262 0.0422161 51.7975
489 0.0512359 0.0395057 51.9384
490 0.034214 0.0425446 52.0654
491 0.0327308 0.039559 52.188
492 0.0334087 0.0422428 52.314
493 0.0345652 0.0395543 52.4385
494 0.0569155 0.0421728 52.588
495 0.0515373 0.0431901 52.7332
496 0.0694168 0.0400063 52.8929
497 0.0398406 0.0410298 53.0241
498 0.0339162 0.0423253 53.1508
499 0.0321482 0.0456903 53.2788
500 0.0312831 0.0417284 53.4022
501 0.0313991 0.0397977 53.5236
502 0.0344171 0.0436506 53.6521
503 0.0497699 0.0408024 53.7928
504 0.0354555 0.0400388 53.9186
505 0.0368205 0.0404778 54.0461
506 0.0344099 0.0408353 54.1717
507 0.0449121 0.03978 54.3066
508 0.0322191 0.0423327 54.4316
509 0.0333742 0.0388592 54.5541
510 0.0301787 0.0398979 54.6746
511 0.030774 0.0419693 54.7977
512 0.0307927 0.0411839 54.9201
513 0.0327106 0.0386751 55.0419
514 0.0303167 0.0415637 55.164
515 0.0308369 0.0400185 55.2852
516 0.0307657 0.0397545 55.406
517 0.0429573 0.0392531 55.5384
518 0.0310001 0.0419475 55.6616
519 0.0298656 0.0436786 55.7857
520 0.0316195 0.0385463 55.9062
521 0.029521 0.0388155 56.0248
522 0.0302616 0.0414698 56.1468
523 0.0510035 0.0391824 56.2873
524 0.0298851 0.0390786 56.4066
525 0.0291697 0.0395717 56.5257
526 0.0325016 0.0448292 56.6534
527 0.0296069 0.0435017 56.7766
528 0.0292268 0.0406005 56.8968
529 0.0429675 0.0388963 57.0289
530 0.0380632 0.0382808 57.1556
531 0.0282305 0.0395555 57.2738
532 0.0283962 0.0384303 57.3909
533 0.0303658 0.0394578 57.5109
534 0.0276886 0.0394958 57.6283
535 0.0284318 0.043523 57.7505
536 0.0434418 0.0612714 57.9055
537 0.0307728 0.0392312 58.0257
538 0.0299983 0.0425354 58.1484
539 0.0318995 0.0389403 58.2696
540 0.0288605 0.0379012 58.3868
541 0.0277975 0.0390693 58.504
542 0.0271721 0.0390808 58.6206
543 0.0276208 0.0390811 58.7377
544 0.0273982 0.0461781 58.8616
545 0.0261764 0.0387307 58.9767
546 0.0271164 0.0407886 59.0949
547 0.0255943 0.0394316 59.2101
548 0.0260138 0.0382572 59.3247
549 0.0263389 0.0387319 59.4402
550 0.0264298 0.0398059 59.5568
551 0.0258621 0.0405263 59.6734
552 0.0258008 0.0378967 59.7874
553 0.0514633 0.0461105 59.9351
554 0.0264587 0.0370529 60.0489
555 0.0267789 0.0396359 60.1657
556 0.0255545 0.0382688 60.2798
557 0.0240791 0.0417994 60.396
558 0.0228577 0.0386915 60.5078
559 0.0257146 0.0387148 60.6226
560 0.0265164 0.0369953 60.7366
561 0.0268781 0.037099 60.8507
562 0.0251942 0.0375817 60.9639
563 0.0224467 0.0377646 61.0744
564 0.0247624 0.0376119 61.1872
565 0.0220416 0.0407816 61.3003
566 0.0233206 0.0376661 61.4114
567 0.0240968 0.052306 61.538
568 0.0650601 0.114228 61.7675
569 0.0649176 0.138263 62.0209
570 0.0852763 0.11934 62.2757
571 0.0396864 0.0740007 62.4396
572 0.0521929 0.0752989 62.6173
573 0.042125 0.0489109 62.7586
574 0.0302681 0.0459486 62.885
575 0.027313 0.0469322 63.0095
576 0.0274737 0.0580312 63.1453
577 0.026727 0.0463238 63.2687
578 0.0283941 0.039425 63.387
579 0.0273464 0.04868 63.5132
580 0.0265534 0.0445024 63.6345
581 0.0358447 0.0494299 63.77
582 0.0309133 0.0383309 63.8894
583 0.0420765 0.0507129 64.0324
584 0.0251167 0.0476352 64.1553
585 0.0198805 0.0466459 64.272
586 0.0234716 0.0367279 64.3825
587 0.03446 0.0585533 64.5257
588 0.036611 0.071134 64.6836
589 0.033786 0.0746518 64.8422
590 0.0283803 0.0476803 64.9685
591 0.0330459 0.0674208 65.1192
592 0.0348072 0.0750332 65.2792
593 0.0296012 0.0454006 65.4044
594 0.0341198 0.0717146 65.5606
595 0.0347806 0.0662572 65.7118
596 0.0309378 0.0696899 65.8626
597 0.0294749 0.0620842 66.0044
598 0.0291599 0.0523594 66.1361
599 0.0257911 0.0435216 66.2556
600 0.02278 0.0425126 66.3711
601 0.0243565 0.0402137 66.4859
602 0.0290312 0.0513758 66.6164
603 0.0239885 0.0664742 66.7571
604 0.0278111 0.0624444 66.8976
605 0.0315549 0.0467419 67.0261
606 0.0292045 0.0486182 67.1542
607 0.0253583 0.0610874 67.2908
608 0.0540214 0.139312 67.5344
609 0.0426088 0.0882197 67.7154
610 0.0246794 0.055412 67.8457
611 0.0272324 0.0697088 67.9929
612 0.0267248 0.0517518 68.1216
613 0.0170088 0.0442974 68.2332
614 0.0197667 0.0441115 68.3473
615 0.026646 0.0576754 68.4818
616 0.0198293 0.0460365 68.5979
617 0.0205734 0.0561636 68.7249
618 0.0166967 0.0456766 68.8374
619 0.0199175 0.0501127 68.9576
620 0.0180784 0.0437386 69.0696
621 0.0213002 0.0449228 69.1859
622 0.0195078 0.0575199 69.3131
623 0.0194474 0.038123 69.4209
624 0.0191014 0.0580795 69.5483
625 0.0213236 0.0555904 69.6754
626 0.0209897 0.0498555 69.7965
627 0.0207881 0.0594829 69.9269
628 0.0223786 0.050056 70.0496
629 0.0198485 0.0468529 70.1666
630 0.0133154 0.0421275 70.2722
631 0.0191163 0.0508091 70.3923
632 0.0203383 0.0490314 70.5127
633 0.0176011 0.0462473 70.6268
634 0.0221375 0.0592113 70.7584
635 0.0161416 0.0489935 70.8737
636 0.0198253 0.046764 70.9905
637 0.0165122 0.0469298 71.1042
638 0.0166085 0.0511212 71.2221
639 0.0161618 0.0576231 71.3461
640 0.0159606 0.0504647 71.4627
641 0.0180057 0.0477044 71.5786
642 0.0232052 0.054862 71.7069
643 0.0247613 0.0801393 71.862
644 0.0108816 0.0383824 71.9615
645 0.0123818 0.0481671 72.0722
646 0.0139406 0.0456599 72.182
647 0.0103588 0.0397285 72.2823
648 0.014155 0.0398142 72.3864
649 0.0193153 0.0841431 72.5401
650 0.0168754 0.0622346 72.6693
651 0.0135443 0.0528649 72.7861
652 0.0156108 0.0461874 72.898
653 0.0148436 0.041124 73.0042
654 0.0126666 0.0399532 73.107
655 0.0149906 0.0488198 73.221
656 0.0122132 0.0464179 73.3298
657 0.0185376 0.0515258 73.45
658 0.0131427 0.039934 73.5533
659 0.0134149 0.0400855 73.6569
660 0.0120262 0.0399433 73.7591
661 0.0117461 0.045379 73.8665
662 0.0152678 0.0580278 73.9899
663 0.012599 0.0592203 74.112
664 0.0212842 0.0513091 74.2347
665 0.0230794 0.096234 74.4042
666 0.021848 0.092905 74.5692
667 0.0228247 0.0801744 74.7223
668 0.0138938 0.0453039 74.8317
669 0.0105137 0.0505614 74.943
670 0.014301 0.0525341 75.0601
671 0.0127757 0.0593751 75.1824
672 0.0196613 0.0630514 75.3154
673 0.0104692 0.0475409 75.4236
674 0.0118155 0.0525076 75.5382
675 0.0115629 0.0417541 75.6417
676 0.0169917 0.0595853 75.7684
677 0.0090394 0.0500769 75.8778
678 0.0120568 0.0644326 76.0045
679 0.0122921 0.0446513 76.1116
680 0.0113063 0.0562085 76.2293
681 0.0115128 0.047665 76.3388
682 0.0099337 0.0380037 76.4369
683 0.0209445 0.0850415 76.5931
684 0.0118094 0.0754618 76.7307
685 0.0067281 0.0357211 76.8233
686 0.0094275 0.0414764 76.9244
687 0.0097752 0.0404029 77.0248
688 0.0105871 0.0364002 77.1219
689 0.0082546 0.0337143 77.2141
690 0.0054281 0.0341869 77.304
691 0.0056026 0.0341608 77.3939
692 0.0064121 0.0333724 77.4839
693 0.0051606 0.0341511 77.5734
694 0.0077634 0.0357202 77.6671
695 0.0060428 0.0342824 77.7578
696 0.0078585 0.0338825 77.8497
697 0.0049644 0.0334112 77.9384
698 0.0127395 0.0383667 78.0399
699 0.0073959 0.036935 78.1346
700 0.0049536 0.0356165 78.2255
701 0.0066077 0.0316385 78.3142
702 0.0050157 0.033261 78.4029
703 0.0046251 0.0332131 78.4909
704 0.00689 0.039026 78.5872
705 0.0047534 0.0328958 78.6751
706 0.0069783 0.0336976 78.7661
707 0.0064356 0.035918 78.8589
708 0.0078117 0.0373028 78.9544
709 0.0048677 0.0387649 79.0483
710 0.0044667 0.0372661 79.1404
711 0.0084025 0.0357569 79.2348
712 0.0043232 0.0348597 79.3244
713 0.0074597 0.0378773 79.42
714 0.0045243 0.0354019 79.5101
715 0.0048177 0.0330569 79.5982
716 0.0043167 0.0390749 79.692
717 0.0055938 0.0330302 79.781
718 0.0036919 0.0343801 79.8694
719 0.003533 0.0378253 79.9612
720 0.0046611 0.0362847 80.0526
721 0.0048692 0.0411318 80.1488
722 0.0038074 0.0351766 80.238
723 0.0039599 0.0355174 80.3277
724 0.0038558 0.0350292 80.4171
725 0.0038701 0.0367239 80.508
726 0.0061454 0.0374407 80.6018
727 0.0035278 0.0377427 80.6933
728 0.0045349 0.0356635 80.7839
729 0.0033783 0.03527 80.8729
730 0.0030714 0.0334285 80.9596
731 0.0046002 0.0440179 81.0584
732 0.005233 0.0319548 81.1459
733 0.004961 0.0472158 81.2483
734 0.0032089 0.0342877 81.3361
735 0.0026759 0.0330743 81.422
736 0.0027323 0.0370496 81.5122
737 0.0026778 0.0336508 81.5993
738 0.0346511 0.0808395 81.7651
739 0.0030089 0.0393548 81.8576
740 0.0055437 0.0347271 81.9483
741 0.0025325 0.0332267 82.0343
742 0.0027282 0.0333988 82.1206
743 0.0024512 0.0330755 82.2064
744 0.0024412 0.0327364 82.292
745 0.0044096 0.0316955 82.3783
746 0.0022867 0.0327939 82.4638
747 0.0021744 0.0327972 82.5489
748 0.0020672 0.0324215 82.6338
749 0.0020705 0.0330518 82.7192
750 0.0020748 0.0328945 82.8046
751 0.0021469 0.0325457 82.8896
752 0.0020073 0.033062 82.9752
753 0.0064338 0.0484294 83.0805
754 0.002008 0.0325241 83.1653
755 0.0019277 0.0310697 83.2487
756 0.0020177 0.0325546 83.3336
757 0.0018308 0.0321388 83.4179
758 0.0019049 0.0323814 83.5026
759 0.0017718 0.0327336 83.5875
760 0.0018224 0.0321013 83.6718
761 0.0017295 0.0325857 83.7564
762 0.0026597 0.0425854 83.852
763 0.0027631 0.0578125 83.9629
764 0.001826 0.0322388 84.0473
765 0.001625 0.0322378 84.1316
766 0.0016796 0.029831 84.2135
767 0.0015353 0.0322185 84.2976
768 0.0015835 0.0377059 84.3874
769 0.0015563 0.0317573 84.4709
770 0.001355 0.0323131 84.555
771 0.0014003 0.0324928 84.6391
772 0.0023528 0.0518207 84.7435
773 0.0036682 0.0465788 84.844
774 0.0016621 0.0329756 84.9291
775 0.0016494 0.0306739 85.0117
776 0.0019916 0.0444492 85.1084
777 0.0029974 0.0420002 85.2037
778 0.0014078 0.0316623 85.2871
779 0.0026063 0.0511501 85.3913
780 0.0013807 0.0324452 85.4755
781 0.0018825 0.0346096 85.5622
782 0.0011518 0.0320379 85.6456
783 0.0011257 0.0339034 85.7309
784 0.0019823 0.0634981 85.8467
785 0.0011748 0.0327417 85.9309
786 0.0011024 0.0308445 86.0131
787 0.0018634 0.0425909 86.1079
788 0.0012586 0.0320769 86.1917
789 0.0012372 0.0323788 86.2755
790 0.0024247 0.0554338 86.3836
791 0.0012928 0.0321166 86.4675
792 0.0010048 0.0322151 86.551
793 0.0014804 0.0493759 86.6522
794 0.0010096 0.03282 86.7363
795 0.0013912 0.0532232 86.8411
796 0.0009329 0.0529135 86.9452
797 0.0008704 0.0375046 87.0338
798 0.0007882 0.0370242 87.122
799 0.0009204 0.03327 87.2064
800 0.0007904 0.033811 87.2914
801 0.0008396 0.0337287 87.3762
802 0.0011833 0.0371848 87.4648
803 0.000921 0.0374397 87.5535
804 0.0007622 0.0321792 87.6368
805 0.0007665 0.0319485 87.7197
806 0.0006877 0.03458 87.8053
807 0.0010806 0.0604345 87.9171
808 0.0006539 0.0388673 88.0069
809 0.0005421 0.0321898 88.09
810 0.0007157 0.0367869 88.1777
811 0.0005649 0.030375 88.259
812 0.0012823 0.0468471 88.3573
813 0.0006201 0.0319306 88.4402
814 0.000584 0.0324043 88.5236
815 0.000577 0.0336682 88.6082
816 0.000711 0.0336427 88.6928
817 0.0007979 0.0317448 88.7756
818 0.0006216 0.0314834 88.8581
819 0.0004814 0.0319989 88.9407
820 0.0005227 0.0329281 89.0246
821 0.0004769 0.0323694 89.1077
822 0.0010487 0.0541381 89.2132
823 0.0007171 0.0491542 89.3133
824 0.0005013 0.0375637 89.4018
825 0.0004973 0.032536 89.4852
826 0.000511 0.0321424 89.568
827 0.000377 0.0323647 89.6511
828 0.0003715 0.0323953 89.7342
829 0.0003349 0.0324012 89.8171
830 0.0003307 0.0327138 89.9005
831 0.0005525 0.0484867 89.9999
832 0.0003357 0.0369995 90.0877
833 0.0003794 0.0326471 90.171
834 0.0005207 0.047941 90.27
835 0.0004057 0.0321048 90.3528
836 0.0004333 0.0471075 90.4507
837 0.0002657 0.0322117 90.5334
838 0.0003034 0.0330657 90.6172
839 0.0002362 0.0319053 90.6996
840 0.0002738 0.0320694 90.7822
841 0.0004292 0.0432913 90.8761
842 0.0003263 0.0318872 90.9586
843 0.0003606 0.0328731 91.0421
844 0.0004288 0.0464877 91.1395
845 0.0001973 0.0319357 91.2219
846 0.0003454 0.0521541 91.3248
847 0.0002428 0.0433623 91.4188
848 0.0001965 0.0325675 91.502
849 0.000182 0.0336159 91.586
850 0.0001887 0.032282 91.6688
851 0.0001928 0.0398747 91.7591
852 0.0002441 0.0322665 91.842
853 0.0002112 0.0329384 91.9255
854 0.0001965 0.036107 92.0122
855 0.0001628 0.0309926 92.0936
856 0.0002716 0.0311546 92.1755
857 0.0001757 0.0320763 92.258
858 0.0001563 0.032224 92.3408
859 0.0001886 0.0320559 92.4233
860 0.0001695 0.0327555 92.5067
861 0.0001673 0.033978 92.6525
862 0.0002383 0.0519089 92.7549
863 0.0001522 0.032277 92.8378
864 0.0001966 0.0374625 92.9257
865 0.0001361 0.0322531 93.0084
866 0.0001206 0.0317781 93.0905
867 0.0001263 0.0328099 93.1738
868 0.0001683 0.0407048 93.2648
869 0.0001128 0.0579871 93.3732
870 0.0001375 0.0399218 93.4636
871 0.0001185 0.0373934 93.5514
872 0.0001608 0.0371598 93.639
873 0.000142 0.0326949 93.722
874 0.0001485 0.0318768 93.8044
875 0.0001516 0.0316466 93.8865
876 0.0001513 0.031553 93.9685
877 0.0001813 0.0316577 94.0507
878 0.0001296 0.0315407 94.1327
879 0.0001334 0.0297133 94.2129
880 0.000139 0.0307541 94.294
881 0.0001402 0.033094 94.3775
882 0.0001692 0.0305084 94.4583
883 0.0001294 0.0325941 94.5414
884 0.0001302 0.0315877 94.6235
885 0.0001324 0.0345698 94.7085
886 0.0003689 0.0501983 94.8093
887 0.0001285 0.0418937 94.9018
888 0.0001445 0.048508 95.0008
889 0.0002037 0.0487217 95.1001
890 0.0002052 0.0410905 95.1918
891 0.0001465 0.0318594 95.2741
892 0.0002383 0.0675498 95.3921
893 0.0001742 0.0406768 95.4831
894 0.0001268 0.0323441 95.566
895 0.0001254 0.0300484 95.6464
896 8.69e-05 0.0510226 95.7479
897 0.0001495 0.0393069 95.8375
898 0.0001041 0.0314848 95.9194
899 0.0001783 0.03621 96.006
900 9.44e-05 0.0398734 96.0961
901 0.0001054 0.0340865 96.1807
902 0.0001197 0.0378549 96.2689
903 0.0001321 0.0318625 96.3512
904 0.0002077 0.0536932 96.4554
905 0.0001759 0.061054 96.5802
906 0.0001912 0.0453702 96.676
907 0.0001162 0.0315132 96.7579
908 0.000117 0.0320253 96.8404
909 0.0001506 0.0435136 96.9342
910 0.0001026 0.0406286 97.0252
911 9.18e-05 0.0383602 97.114
912 0.0001295 0.0362681 97.2007
913 0.0001232 0.032499 97.2836
914 0.0001188 0.0320213 97.3661
915 0.0001205 0.0317501 97.4484
916 0.0001482 0.0303038 97.5292
917 0.0002114 0.0441924 97.6468
918 0.0001918 0.0502377 97.7475
919 0.0001074 0.0330978 97.831
920 0.0001255 0.0301639 97.9116
921 0.0001254 0.0299589 97.9919
922 0.0002083 0.0317107 98.074
923 0.0001167 0.0322157 98.1567
924 0.0001199 0.0321237 98.2393
925 0.0001343 0.0480622 98.3378
926 0.0001876 0.0453934 98.4339
927 0.0001224 0.033246 98.5176
928 0.0001106 0.0369299 98.6051
929 0.0001408 0.0321124 98.6875
930 7.82e-05 0.0407004 98.7786
931 0.0001084 0.0347142 98.8636
932 0.0001229 0.0343637 98.9485
933 0.0001323 0.0321026 99.0311
934 0.0001175 0.0304039 99.1119
935 0.0001334 0.0308224 99.1931
936 0.00013 0.0321362 99.2756
937 8.26e-05 0.0383505 99.3644
938 0.0001149 0.0329015 99.4478
939 0.0001176 0.0321018 99.5304
940 0.0001935 0.0533647 99.6342
941 0.0001973 0.0547843 99.7395
942 0.0002307 0.0553154 99.8454
943 0.0001337 0.0303522 99.9261
944 0.0001039 0.0313455 100.008
945 0.0001249 0.0320273 100.09
946 0.0001163 0.0317955 100.172
947 0.000129 0.0341702 100.257
948 0.0001941 0.0453465 100.353
949 0.0001257 0.0315481 100.435
950 6.47e-05 0.032248 100.518
951 0.0001239 0.032634 100.6
952 0.0001062 0.0346956 100.686
953 0.0001874 0.0529759 100.789
954 0.0001268 0.031561 100.871
955 8.44e-05 0.0315994 100.953
956 0.0001156 0.0317586 101.035
957 0.0001737 0.0585086 101.144
958 0.0001385 0.0301798 101.225
959 0.0001804 0.0558826 101.331
960 0.0002099 0.0567019 101.438
961 0.0001092 0.0322049 101.521
962 0.00013 0.0320665 101.604
963 0.0001141 0.0318377 101.686
964 0.0001097 0.0478572 101.784
965 0.0001854 0.0605912 101.895
966 0.0001124 0.0343837 101.98
967 0.0001227 0.0323747 102.063
968 0.000135 0.03228 102.145
969 0.0001058 0.0302564 102.226
970 6.61e-05 0.03145 102.308
971 0.0001235 0.0316651 102.39
972 0.0001275 0.0325123 102.473
973 6.98e-05 0.0320679 102.555
974 0.000108 0.0327079 102.638
975 5.43e-05 0.0446885 102.733
976 7.39e-05 0.0294401 102.813
977 0.0001101 0.030447 102.894
978 0.0001325 0.0300632 102.974
979 0.0001044 0.0320479 103.057
980 0.0001084 0.033198 103.14
981 0.0001362 0.0320661 103.223
982 0.0001364 0.0448452 103.318
983 8.04e-05 0.0393329 103.408
984 7.13e-05 0.0490541 103.507
985 6.72e-05 0.0376472 103.595
986 0.0001116 0.0329743 103.679
987 8.85e-05 0.0328603 103.762
988 0.0001193 0.0299089 103.842
989 6.32e-05 0.0323409 103.925
990 0.0001062 0.031656 104.007
991 0.0001081 0.0341598 104.092
992 0.000106 0.0378839 104.18
993 0.0001166 0.0319845 104.262
994 0.0001126 0.0323341 104.345
995 0.0001214 0.0308515 104.426
996 0.0001342 0.045534 104.522
997 0.0001304 0.0456864 104.618
998 8.26e-05 0.0317927 104.701
999 0.0001042 0.032658 104.784
1000 0.0001936 0.0451443 104.879
1001 6.58e-05 0.032461 104.962
1002 0.0001852 0.0499773 105.063
1003 0.0001346 0.0299936 105.143
1004 7.07e-05 0.0311454 105.225
1005 0.000106 0.031742 105.307
1006 0.0001189 0.0320343 105.39
1007 0.0001075 0.0317931 105.472
1008 0.000173 0.0471073 105.569
1009 5.38e-05 0.0447382 105.664
1010 8.3e-05 0.0407484 105.755
1011 7.26e-05 0.0347972 105.841
1012 9.82e-05 0.037413 105.928
1013 0.0001711 0.0493964 106.028
1014 0.0001617 0.0565414 106.135
1015 0.000117 0.0336984 106.219
1016 0.0001107 0.0333759 106.303
1017 0.0001218 0.032171 106.386
1018 0.0001175 0.0309754 106.467
1019 0.0001248 0.0317274 106.549
1020 5.8801e-05 0.0396554 106.64
1021 0.0001631 0.050294 106.74
1022 0.0001169 0.0398737 106.831
1023 0.0001231 0.0339899 106.915
1024 0.0001709 0.054883 107.021
1025 9.94e-05 0.0314314 107.102
1026 0.0001084 0.0334029 107.186
1027 0.0001058 0.0321661 107.269
1028 0.0001179 0.0347784 107.354
1029 0.0001224 0.0327135 107.437
1030 0.0001057 0.0311398 107.519
1031 0.0001925 0.0586667 107.628
1032 8.47e-05 0.0474218 107.726
1033 6.67e-05 0.0314261 107.807
1034 0.0001324 0.0315467 107.889
1035 0.0001637 0.0549736 107.995
1036 0.0001805 0.0444831 108.09
1037 7.11e-05 0.0316008 108.172
1038 0.0001048 0.0396186 108.262
1039 6.17e-05 0.0304111 108.343
1040 7.19e-05 0.0319032 108.425
1041 0.0001201 0.032179 108.507
1042 0.0001692 0.0491645 108.607
1043 0.0001041 0.031434 108.689
1044 0.0001051 0.0316615 108.771
1045 0.0001192 0.0324008 108.854
1046 0.0001201 0.0316829 108.936
1047 0.000103 0.0321049 109.018
1048 0.0001714 0.0480103 109.117
1049 0.0001001 0.031787 109.199
1050 0.0001512 0.0330023 109.283
1051 6.61e-05 0.0298547 109.363
1052 0.0001046 0.0332578 109.447
1053 9.97e-05 0.0301553 109.527
1054 0.0001417 0.0487913 109.626
1055 9.07e-05 0.0394463 109.716
1056 0.0001265 0.0426859 109.81
1057 7.52e-05 0.035497 109.895
1058 0.0001121 0.0358431 109.982
1059 0.0001096 0.0335873 110.066
1060 0.0001173 0.0343495 110.15
1061 0.0001077 0.0313905 110.232
1062 0.0001122 0.0315536 110.314
1063 9.94e-05 0.0298535 110.395
1064 8.63e-05 0.0304806 110.475
1065 5.66e-05 0.0316769 110.558
1066 0.0001016 0.0317101 110.64
1067 0.0001127 0.0413364 110.731
1068 0.0001388 0.031924 110.814
1069 9.44e-05 0.0350636 110.899
1070 8.54e-05 0.0310042 110.981
1071 0.0001088 0.0311446 111.062
1072 7.43e-05 0.0306431 111.143
1073 0.000118 0.045498 111.239
1074 0.0001621 0.0577451 111.347
1075 0.0001029 0.0320639 111.43
1076 0.000101 0.0298911 111.51
1077 7.73e-05 0.0306872 111.591
1078 9.85e-05 0.0317095 111.673
1079 0.0001177 0.0317686 111.755
1080 0.0001028 0.0320454 111.838
1081 0.0001019 0.0325331 111.92
1082 0.0001979 0.0489893 112.02
1083 0.0001978 0.0617731 112.132
1084 0.000195 0.0456514 112.229
1085 0.0001924 0.0482446 112.327
1086 0.0001346 0.0579323 112.436
1087 0.000164 0.0460993 112.532
