TimeStep Temps_Avancement Temps_Affichage Temps_Simulation
1 4.74e-05 0.181359 0.23279
2 1.83e-05 0.0392286 0.322227
3 2.03e-05 0.0370306 0.409489
4 2.85e-05 0.0381075 0.497863
5 2.27e-05 0.0376384 0.585807
6 5.53e-05 0.0366656 0.672802
7 2.78e-05 0.0305025 0.753573
8 3.13e-05 0.0273353 0.831138
9 3.32e-05 0.0286015 0.91007
10 4.02e-05 0.0258842 0.986203
11 4.13e-05 0.0255392 1.06203
12 4.51e-05 0.0258425 1.13827
13 5.12e-05 0.0250524 1.21366
14 0.0001028 0.0575425 1.32153
15 7.82e-05 0.0261135 1.39815
16 0.0001461 0.0303624 1.47902
17 7.05e-05 0.0281262 1.55755
18 7.81e-05 0.0248798 1.63287
19 8.43e-05 0.0270064 1.71037
20 9.18e-05 0.0443337 1.80506
21 0.0002449 0.0454336 1.901
22 0.0003185 0.0465323 1.99823
23 0.0001279 0.0267067 2.0753
24 0.0001249 0.0253303 2.15098
25 0.0001912 0.0253846 2.22673
26 0.0001333 0.025152 2.30228
27 0.0002284 0.0254323 2.37831
28 0.0001502 0.0242916 2.45293
29 0.0002201 0.0270331 2.5305
30 0.000181699 0.0257398 2.6067
31 0.000196 0.0442534 2.70138
32 0.0002391 0.05045 2.80256
33 0.0002054 0.0248081 2.87793
34 0.0002147 0.0251486 2.95358
35 0.0006838 0.0400635 3.04479
36 0.0003377 0.0255641 3.12105
37 0.0002808 0.044332 3.21606
38 0.0005957 0.049963 3.31693
39 0.0010231 0.059404 3.42766
40 0.0007148 0.0424383 3.52123
41 0.0002797 0.0248344 3.59669
42 0.0003014 0.0256301 3.673
43 0.0003072 0.0252086 3.74886
44 0.000315 0.0445892 3.8441
45 0.0004512 0.0248961 3.9196
46 0.0003376 0.0252444 3.99557
47 0.0005123 0.0297061 4.07594
48 0.000393 0.0413843 4.16793
49 0.0010166 0.0272378 4.24659
50 0.0009818 0.0422591 4.34013
51 0.0015401 0.0526835 4.44481
52 0.001086 0.0452501 4.54151
53 0.0004683 0.0253618 4.61754
54 0.0008073 0.043922 4.71263
55 0.0006037 0.0455329 4.80906
56 0.0009557 0.0387485 4.89917
57 0.0005378 0.0278103 4.97773
58 0.000649 0.0309453 5.0595
59 0.0005894 0.0254517 5.13575
60 0.0005331 0.0251576 5.21166
61 0.0005547 0.0248787 5.2875
62 0.0006775 0.0261335 5.36463
63 0.0006098 0.026867 5.44248
64 0.000637 0.0289082 5.52242
65 0.0006192 0.0264927 5.59993
66 0.001049 0.0254768 5.67685
67 0.0006864 0.0247661 5.75257
68 0.0007376 0.0249094 5.82859
69 0.0007316 0.0245405 5.90423
70 0.0008981 0.0250191 5.98057
71 0.0008126 0.0299577 6.06169
72 0.0007892 0.0620801 6.17477
73 0.0008992 0.0250093 6.25089
74 0.0015717 0.0250675 6.32791
75 0.0009284 0.024769 6.40394
76 0.0009869 0.0253235 6.48056
77 0.0009671 0.0271113 6.55909
78 0.0009775 0.0249225 6.63522
79 0.0024836 0.0454202 6.73347
80 0.0033747 0.0360508 6.8233
81 0.0010568 0.0255565 6.90017
82 0.0021757 0.0260804 6.9787
83 0.0022085 0.0434161 7.07473
84 0.0013363 0.0445807 7.17097
85 0.0014196 0.0358424 7.25859
86 0.0011871 0.0259021 7.33594
87 0.0010503 0.0261942 7.41368
88 0.0011435 0.0281423 7.49338
89 0.0012614 0.0264312 7.57143
90 0.0011901 0.0263293 7.64915
91 0.0016889 0.0290764 7.73026
92 0.0013086 0.0278166 7.80961
93 0.0013054 0.0263809 7.88758
94 0.0013237 0.0448892 7.98397
95 0.002479 0.0261137 8.06276
96 0.0013538 0.0326812 8.14723
97 0.0013869 0.0294489 8.22844
98 0.0014695 0.0273575 8.3074
99 0.0013452 0.0264869 8.38543
100 0.0015599 0.0264308 8.46366
101 0.0015452 0.0277048 8.54326
102 0.0017645 0.0276961 8.62308
103 0.0018297 0.0260431 8.70115
104 0.0021402 0.0261251 8.77981
105 0.0018241 0.0279888 8.86002
106 0.001908 0.0270546 8.93933
107 0.0018606 0.0266276 9.01807
108 0.0049983 0.0529361 9.12633
109 0.0037808 0.0392407 9.2198
110 0.0020982 0.0261271 9.29836
111 0.002721 0.0266787 9.37807
112 0.0044461 0.0339482 9.46679
113 0.005881 0.0508677 9.57378
114 0.0044087 0.0554569 9.68384
115 0.003709 0.0260152 9.76374
116 0.0024871 0.0279124 9.84454
117 0.0024729 0.0270655 9.92436
118 0.0047708 0.0468179 10.0262
119 0.0038713 0.0273584 10.1078
120 0.0027562 0.042941 10.2037
121 0.0044678 0.0583579 10.3167
122 0.0042032 0.0264579 10.3976
123 0.004831 0.0266669 10.4795
124 0.0030393 0.0274939 10.5604
125 0.0029863 0.0270009 10.6408
126 0.0059251 0.0484656 10.7455
127 0.003311 0.030494 10.8295
128 0.0031723 0.0324866 10.9153
129 0.0051736 0.026469 10.9973
130 0.0054187 0.0258518 11.0788
131 0.0036573 0.0275153 11.1602
132 0.0034913 0.0281122 11.2422
133 0.0036028 0.0276034 11.3237
134 0.00368 0.0263348 11.404
135 0.0038978 0.0281674 11.4901
136 0.007095 0.0515187 11.5989
137 0.0064147 0.0326544 11.6881
138 0.0035885 0.0272491 11.7693
139 0.0039973 0.0264032 11.8502
140 0.0053917 0.0264786 11.9324
141 0.0059173 0.0259474 12.0145
142 0.0124025 0.05456 12.1318
143 0.0082804 0.0408046 12.2313
144 0.006058 0.0260143 12.3138
145 0.0079534 0.0281882 12.4002
146 0.0058801 0.0278074 12.484
147 0.0056099 0.0262973 12.5663
148 0.0058547 0.0429285 12.6655
149 0.012156 0.0381799 12.7662
150 0.010471 0.0333277 12.8604
151 0.0044162 0.0275265 12.9427
152 0.0043162 0.0279128 13.0252
153 0.0043981 0.0282197 13.1082
154 0.0045181 0.0564544 13.2194
155 0.0045795 0.026533 13.3009
156 0.0058977 0.0277442 13.3847
157 0.0118917 0.0412783 13.4882
158 0.011217 0.0443732 13.5943
159 0.0049398 0.0285178 13.6781
160 0.0047074 0.0332787 13.7665
161 0.0065407 0.0263685 13.8497
162 0.0067582 0.0326119 13.9395
163 0.0049668 0.0276531 14.0224
164 0.0051491 0.0277218 14.1057
165 0.0053875 0.0280757 14.1895
166 0.0050804 0.0279936 14.2729
167 0.0052665 0.0279236 14.3563
168 0.0057187 0.0321183 14.4445
169 0.0063177 0.0365268 14.5377
170 0.0055297 0.0288845 14.6225
171 0.0057823 0.0281858 14.7067
172 0.0088987 0.0319267 14.7977
173 0.0084006 0.0267792 14.8831
174 0.0113868 0.0347961 14.9795
175 0.0137657 0.0298779 15.0735
176 0.0061707 0.0286906 15.1585
177 0.0061568 0.0281609 15.2432
178 0.0064662 0.0283159 15.3282
179 0.0091201 0.0267185 15.4142
180 0.0116055 0.0286879 15.5047
181 0.0066143 0.0287629 15.5904
182 0.0196175 0.0481177 15.7084
183 0.0210445 0.0622427 15.842
184 0.0104267 0.0304763 15.9331
185 0.0092068 0.0275874 16.0202
186 0.0074444 0.0290179 16.107
187 0.0071259 0.0297836 16.1941
188 0.0131364 0.0344021 16.2919
189 0.0078951 0.0331376 16.3831
190 0.0147045 0.0322791 16.4803
191 0.0158943 0.0427314 16.5891
192 0.01508 0.0327266 16.6873
193 0.0082201 0.0290264 16.7749
194 0.008193 0.0319329 16.8653
195 0.0277005 0.0372699 16.9805
196 0.0107857 0.0277895 17.0694
197 0.0085633 0.030236 17.1584
198 0.0136497 0.0278401 17.2501
199 0.0109615 0.0297116 17.3411
200 0.0129912 0.0284436 17.4327
201 0.0280025 0.0445148 17.5554
202 0.016951 0.0407455 17.6635
203 0.0116463 0.0290328 17.7545
204 0.0220114 0.0400156 17.8668
205 0.0226657 0.0372025 17.9768
206 0.0161904 0.0337451 18.0772
207 0.0140035 0.0382875 18.1797
208 0.01657 0.0323595 18.2787
209 0.0137037 0.0323862 18.3751
210 0.0186054 0.0361171 18.48
211 0.0162461 0.0419442 18.5884
212 0.0147428 0.0278963 18.6813
213 0.0150296 0.0312656 18.7777
214 0.0126081 0.027977 18.8685
215 0.0100686 0.0297094 18.9587
216 0.0124958 0.0299135 19.0512
217 0.0112921 0.030017 19.1429
218 0.0290549 0.0315425 19.2538
219 0.0345603 0.034736 19.3735
220 0.0137892 0.0432187 19.4807
221 0.0136532 0.0309356 19.5757
222 0.0141335 0.0279803 19.6681
223 0.011321 0.0364523 19.7663
224 0.0133987 0.0361931 19.8662
225 0.0137859 0.0321763 19.9624
226 0.0207483 0.0363747 20.0698
227 0.0323632 0.0307649 20.1832
228 0.014863 0.0401281 20.2884
229 0.0157535 0.0285983 20.3829
230 0.0212677 0.032719 20.4872
231 0.0175487 0.0300225 20.585
232 0.0123704 0.0319864 20.6798
233 0.0153159 0.0301226 20.7756
234 0.0150848 0.0297795 20.8707
235 0.0152975 0.0287668 20.9651
236 0.0166573 0.035861 21.0679
237 0.0144938 0.0313613 21.1639
238 0.0172985 0.0316105 21.2632
239 0.016948 0.0308621 21.3612
240 0.0335222 0.0322972 21.4774
241 0.0169588 0.0304119 21.5751
242 0.0171369 0.0295917 21.672
243 0.0180266 0.030971 21.7712
244 0.0236023 0.0385899 21.8836
245 0.0245388 0.035188 21.9935
246 0.0180943 0.0309645 22.093
247 0.0182311 0.0307255 22.1924
248 0.0185436 0.0320171 22.2931
249 0.0209901 0.0325954 22.3971
250 0.0185998 0.0320286 22.498
251 0.0210819 0.0296075 22.5989
252 0.0215744 0.0295543 22.7003
253 0.0454409 0.0317679 22.8284
254 0.0244694 0.0301636 22.9335
255 0.0217633 0.0319809 23.0375
256 0.034547 0.0396371 23.1621
257 0.0208347 0.0333737 23.2664
258 0.02293 0.0300173 23.3695
259 0.0217035 0.0314041 23.4731
260 0.0218617 0.0316381 23.5769
261 0.0388795 0.0326783 23.6988
262 0.0258178 0.0325046 23.8074
263 0.0225757 0.0325552 23.9128
264 0.0265857 0.0313633 24.0209
265 0.0256531 0.0317725 24.1287
266 0.0262035 0.0312112 24.2365
267 0.0256238 0.0330151 24.3453
268 0.025271 0.0316394 24.4526
269 0.0413915 0.0326484 24.577
270 0.0262699 0.0318971 24.6854
271 0.040457 0.0322847 24.8084
272 0.0406803 0.032969 24.9321
273 0.0291865 0.0404817 25.052
274 0.0263624 0.0329938 25.1617
275 0.0270038 0.0318379 25.2709
276 0.0308254 0.0314843 25.3834
277 0.0453581 0.0333172 25.5124
278 0.0406748 0.0330216 25.6364
279 0.0368391 0.0355876 25.7591
280 0.0293616 0.0368164 25.8754
281 0.0296613 0.0314777 25.9869
282 0.0339577 0.0320708 26.1033
283 0.0278377 0.0330542 26.2146
284 0.0296481 0.0331779 26.3276
285 0.0307524 0.033215 26.4419
286 0.0481985 0.0459656 26.5863
287 0.0290946 0.0354774 26.7012
288 0.035119 0.0427032 26.8294
289 0.0356506 0.0359597 26.9512
290 0.0372804 0.0360534 27.0748
291 0.0678177 0.047555 27.2404
292 0.0418242 0.0469861 27.3794
293 0.0376157 0.03556 27.5029
294 0.0299248 0.0342243 27.6174
295 0.0290416 0.0336839 27.7305
296 0.0295033 0.0338831 27.8443
297 0.0295264 0.0366988 27.9609
298 0.0348101 0.0420391 28.0879
299 0.0429019 0.0383478 28.2195
300 0.0283626 0.0340144 28.3323
301 0.0306428 0.0344589 28.4476
302 0.0451121 0.0346836 28.5776
303 0.0301754 0.0343025 28.6925
304 0.047129 0.0358439 28.8259
305 0.0312078 0.0336726 28.9411
306 0.0327568 0.0344527 29.0586
307 0.031722 0.0339752 29.1745
308 0.0318922 0.0341669 29.291
309 0.033192 0.0344634 29.4088
310 0.0347334 0.0369113 29.5308
311 0.0336182 0.0346064 29.6494
312 0.0321676 0.0443747 29.7762
313 0.0323905 0.035455 29.8943
314 0.0340193 0.0402099 30.0188
315 0.0327855 0.0333188 30.1351
316 0.0362165 0.0345012 30.2561
317 0.066395 0.0490751 30.422
318 0.0367109 0.0360426 30.545
319 0.0340421 0.0349739 30.6643
320 0.034794 0.0437999 30.7932
321 0.0365618 0.0381717 30.9183
322 0.0351529 0.0332749 31.0371
323 0.0356808 0.035589 31.1587
324 0.0339123 0.0352405 31.2781
325 0.0343181 0.0363063 31.3991
326 0.0375075 0.033299 31.5201
327 0.0364168 0.0356662 31.6425
328 0.0361021 0.0364555 31.7652
329 0.0390238 0.0346311 31.8893
330 0.0364068 0.035012 32.0111
331 0.0459867 0.0356721 32.1432
332 0.0387203 0.0364649 32.2687
333 0.0386541 0.0358313 32.3936
334 0.14805 0.0707867 32.6627
335 0.0513596 0.0469189 32.8111
336 0.0466633 0.0439125 32.9519
337 0.045921 0.0381926 33.0862
338 0.0403909 0.0407294 33.2176
339 0.0401758 0.0351826 33.3433
340 0.0410121 0.036976 33.4716
341 0.0423906 0.0384696 33.6026
342 0.0410669 0.0409319 33.7349
343 0.043993 0.0369802 33.8663
344 0.0416173 0.0371266 33.9954
345 0.042672 0.036347 34.1248
346 0.0409995 0.039023 34.255
347 0.0390872 0.0365724 34.381
348 0.0596511 0.0375639 34.5285
349 0.0432987 0.0563278 34.6783
350 0.0544228 0.0422553 34.8251
351 0.0416407 0.0358508 34.9529
352 0.0539583 0.0423264 35.0995
353 0.0453233 0.0386279 35.2336
354 0.0430827 0.0367553 35.3636
355 0.0454185 0.0378845 35.4972
356 0.0442684 0.036552 35.6284
357 0.0442545 0.0386666 35.7615
358 0.0476645 0.0369727 35.8964
359 0.0654572 0.0370772 36.0493
360 0.0455282 0.0369242 36.1821
361 0.0453703 0.0379318 36.3158
362 0.045124 0.0374329 36.4485
363 0.044704 0.0374003 36.581
364 0.0456187 0.0375865 36.7144
365 0.046795 0.0375452 36.8489
366 0.0452093 0.0373743 36.9819
367 0.0459694 0.0378928 37.1162
368 0.047417 0.0381956 37.2519
369 0.0451967 0.0374872 37.3848
370 0.0447548 0.0382532 37.5181
371 0.0445827 0.038479 37.6515
372 0.0440574 0.0374314 37.7832
373 0.0481097 0.0380798 37.9197
374 0.0442358 0.0374618 38.0516
375 0.0453721 0.0377394 38.1849
376 0.0450942 0.0374041 38.3176
377 0.0457355 0.0371559 38.4508
378 0.0453572 0.0383544 38.5848
379 0.0594298 0.0379477 38.7326
380 0.0613065 0.0385517 38.8826
381 0.0773604 0.038805 39.0489
382 0.0462896 0.0383678 39.1838
383 0.0611864 0.0376207 39.3328
384 0.0477179 0.0473986 39.4786
385 0.048369 0.0382605 39.6156
386 0.0463132 0.0377736 39.7499
387 0.0468973 0.0393549 39.8863
388 0.0462038 0.0405182 40.0234
389 0.0479606 0.0377421 40.1593
390 0.0474331 0.0377356 40.2949
391 0.0478602 0.0417927 40.4349
392 0.0465401 0.0380266 40.57
393 0.0465689 0.0382538 40.705
394 0.0487742 0.0378613 40.8421
395 0.0518424 0.0381229 40.9823
396 0.0786761 0.0386638 41.1498
397 0.0481884 0.0387425 41.2869
398 0.046829 0.0398864 41.4238
399 0.0499276 0.0381089 41.5622
400 0.0499308 0.0388728 41.7013
401 0.0470473 0.0401721 41.8387
402 0.0485848 0.0412849 41.9789
403 0.0490178 0.0409508 42.1191
404 0.0485033 0.0384466 42.2565
405 0.0481696 0.0389622 42.3937
406 0.0516423 0.0402323 42.5359
407 0.0477785 0.0395788 42.6736
408 0.0481321 0.0385528 42.8105
409 0.0487383 0.0383393 42.9478
410 0.0527262 0.0412386 43.0921
411 0.050105 0.0382148 43.2308
412 0.0637373 0.0389496 43.3837
413 0.0744747 0.0438636 43.5522
414 0.0507665 0.0393219 43.6926
415 0.0487975 0.0381963 43.8298
416 0.0507137 0.0479622 43.9788
417 0.0515232 0.0402742 44.1209
418 0.0699411 0.0388006 44.2798
419 0.0525347 0.040981 44.4237
420 0.0871363 0.0442515 44.6052
421 0.04986 0.0433125 44.7486
422 0.0517036 0.0396753 44.8903
423 0.0520138 0.0424104 45.035
424 0.0532326 0.0389955 45.1777
425 0.0795926 0.0391326 45.3468
426 0.0491979 0.0427905 45.4892
427 0.0502709 0.0401489 45.6301
428 0.0498394 0.0393741 45.7696
429 0.0508921 0.0396015 45.9104
430 0.0489752 0.0395592 46.0493
431 0.0633423 0.0465992 46.2096
432 0.0493189 0.0393098 46.3486
433 0.0503786 0.0407246 46.4901
434 0.0500395 0.0384357 46.6289
435 0.0510862 0.040052 46.7703
436 0.0503113 0.0388951 46.9098
437 0.0743881 0.039758 47.0742
438 0.0524327 0.0428689 47.2197
439 0.0667398 0.0385131 47.3751
440 0.0499111 0.0401133 47.5153
441 0.0506521 0.0416607 47.6578
442 0.0509281 0.0393641 47.7985
443 0.050639 0.0426101 47.9422
444 0.0500381 0.0396115 48.0822
445 0.0517804 0.0410207 48.2254
446 0.0493149 0.0394315 48.3646
447 0.0496665 0.0418404 48.5064
448 0.0493087 0.0443216 48.6503
449 0.055652 0.0388038 48.7949
450 0.0497469 0.0395158 48.9344
451 0.0482086 0.0409 49.0737
452 0.0518997 0.0395591 49.2155
453 0.0549163 0.03908 49.3596
454 0.0496183 0.0405296 49.5
455 0.0716987 0.0392967 49.6613
456 0.0522625 0.0415766 49.8053
457 0.0492386 0.0409954 49.946
458 0.0515785 0.0443451 50.0922
459 0.0550408 0.0426151 50.2402
460 0.0510617 0.060698 50.4021
461 0.0660642 0.0556131 50.5741
462 0.0499269 0.0409538 50.7154
463 0.0558792 0.0389956 50.8606
464 0.0496479 0.0410034 51.0017
465 0.049012 0.0395594 51.1406
466 0.0496606 0.0388702 51.2794
467 0.0496235 0.0395328 51.4187
468 0.0510926 0.0393098 51.5593
469 0.0488486 0.0398518 51.6983
470 0.0509425 0.0404208 51.8398
471 0.0822147 0.0395703 52.0119
472 0.0694723 0.0418726 52.1736
473 0.0494126 0.038948 52.3122
474 0.0518668 0.039639 52.4541
475 0.0487368 0.038897 52.5921
476 0.0491103 0.0391196 52.7306
477 0.048955 0.0410499 52.8711
478 0.0510209 0.0390906 53.0115
479 0.05068 0.0400856 53.1526
480 0.0471884 0.0470567 53.2973
481 0.0515426 0.0427425 53.4419
482 0.0728582 0.0405264 53.6057
483 0.0721829 0.0397988 53.7679
484 0.046664 0.0402244 53.9052
485 0.0508171 0.03806 54.0444
486 0.0473615 0.0388616 54.181
487 0.0477145 0.0409341 54.3199
488 0.0731403 0.0436289 54.4869
489 0.0596853 0.0402481 54.6373
490 0.0466709 0.0394209 54.7738
491 0.0704335 0.0409935 54.9356
492 0.0788153 0.0465993 55.1115
493 0.04679 0.0396663 55.2483
494 0.0465218 0.0391282 55.3841
495 0.0534736 0.0391352 55.5271
496 0.047015 0.0383828 55.6629
497 0.0465112 0.0387993 55.7986
498 0.0458255 0.0389645 55.9336
499 0.0486303 0.0405881 56.0732
500 0.0470862 0.0387195 56.2095
501 0.0456625 0.0482849 56.3537
502 0.0438151 0.0391952 56.4871
503 0.0607254 0.0397036 56.6377
504 0.04737 0.0383448 56.7737
505 0.0433733 0.0391023 56.9066
506 0.0435786 0.0437068 57.0442
507 0.0440792 0.0384103 57.1769
508 0.0443764 0.0384919 57.3101
509 0.0429879 0.0389745 57.4422
510 0.0401482 0.0450901 57.5777
511 0.0422894 0.0389486 57.7093
512 0.0409386 0.0439278 57.8446
513 0.0426244 0.0383964 57.9759
514 0.0437606 0.0428653 58.1128
515 0.043108 0.0388961 58.245
516 0.0429864 0.0382102 58.3765
517 0.0439104 0.0396377 58.5103
518 0.0454554 0.0394483 58.6456
519 0.0425967 0.0384259 58.7769
520 0.0424945 0.0394326 58.9093
521 0.039701 0.0410076 59.0404
522 0.0442193 0.0386731 59.1737
523 0.0392683 0.0381044 59.3012
524 0.0409733 0.0383423 59.431
525 0.0413105 0.0383009 59.5611
526 0.0615749 0.0379149 59.7109
527 0.0708497 0.0433078 59.8752
528 0.0513151 0.0417205 60.0186
529 0.0384174 0.0375409 60.1448
530 0.0363889 0.0384122 60.2701
531 0.0377703 0.0371448 60.3954
532 0.0395145 0.0378528 60.5231
533 0.0406778 0.0379005 60.652
534 0.0372038 0.0383871 60.7779
535 0.0367946 0.0397362 60.9047
536 0.0367458 0.0365857 61.0283
537 0.0362764 0.0379545 61.1527
538 0.0361207 0.0369506 61.2762
539 0.0365109 0.0386208 61.4016
540 0.0377475 0.0370864 61.5267
541 0.0357338 0.0390811 61.6519
542 0.0570461 0.0389911 61.7983
543 0.0381356 0.03634 61.9232
544 0.035175 0.0417843 62.0504
545 0.036062 0.0375677 62.1744
546 0.0383044 0.0379742 62.3009
547 0.0352916 0.0367004 62.4233
548 0.0676063 0.0401829 62.5816
549 0.0576627 0.0387701 62.7281
550 0.0335841 0.0402401 62.8522
551 0.0340668 0.0360599 62.9727
552 0.0345829 0.0367952 63.0943
553 0.0324397 0.0369593 63.2141
554 0.0381764 0.035074 63.3376
555 0.0350354 0.0366847 63.4597
556 0.0333387 0.0369182 63.5803
557 0.0321075 0.0367663 63.6994
558 0.0317661 0.0404385 63.822
559 0.0324038 0.0356781 63.9404
560 0.0327974 0.0373373 64.0608
561 0.0312362 0.0366542 64.179
562 0.0324527 0.0362922 64.2981
563 0.0314244 0.0369265 64.4167
564 0.0307039 0.0364688 64.5341
565 0.0295716 0.0375742 64.6515
566 0.0288837 0.0359446 64.7665
567 0.0312336 0.0374338 64.8855
568 0.0423309 0.0361222 65.0143
569 0.0295564 0.037035 65.1312
570 0.0291203 0.0361228 65.2467
571 0.0293746 0.0387042 65.3649
572 0.029198 0.0369285 65.4815
573 0.0292908 0.0368786 65.5978
574 0.0285742 0.0358859 65.7126
575 0.0284482 0.0355783 65.827
576 0.0280438 0.0408849 65.9461
577 0.0275985 0.0386 66.0625
578 0.0399001 0.0435933 66.1962
579 0.0518001 0.0539502 66.3522
580 0.0367373 0.0349385 66.4742
581 0.0306421 0.0351397 66.5904
582 0.0292604 0.0332301 66.7032
583 0.0259422 0.0369555 66.8163
584 0.0597679 0.0964408 67.0227
585 0.108345 0.100134 67.2814
586 0.0316636 0.042864 67.4062
587 0.0314054 0.0350786 67.523
588 0.0290605 0.0338599 67.6361
589 0.0243836 0.035147 67.746
590 0.0260516 0.0351749 67.8578
591 0.0238663 0.0371115 67.9691
592 0.0240975 0.0349821 68.0786
593 0.0246046 0.0363022 68.1898
594 0.023145 0.0352326 68.2985
595 0.024304 0.035491 68.4085
596 0.0254022 0.0345159 68.5188
597 0.0224291 0.034499 68.6261
598 0.0454656 0.0375249 68.7595
599 0.0372476 0.0353016 68.8825
600 0.0397574 0.0375476 69.0102
601 0.0367533 0.0462635 69.1436
602 0.0213311 0.035557 69.2508
603 0.0214221 0.0350554 69.3575
604 0.0207355 0.0350998 69.4638
605 0.0339356 0.0369979 69.585
606 0.0211166 0.0355849 69.6921
607 0.0204612 0.0345945 69.7973
608 0.0218963 0.0406819 69.9102
609 0.0199681 0.0345845 70.0151
610 0.0219125 0.0364542 70.1239
611 0.0200069 0.034018 70.2282
612 0.0194464 0.0368504 70.3347
613 0.0214146 0.0339935 70.4405
614 0.019678 0.0341235 70.5445
615 0.0197641 0.0340276 70.6487
616 0.0207336 0.0339291 70.7537
617 0.0187025 0.035683 70.8583
618 0.0189123 0.0372174 70.9647
619 0.0207211 0.0365231 71.0723
620 0.0192956 0.0340276 71.176
621 0.0179007 0.0339485 71.2782
622 0.0301241 0.0382544 71.3969
623 0.0178458 0.0350557 71.5001
624 0.0184827 0.0341185 71.6029
625 0.0180066 0.0328488 71.704
626 0.01721 0.0337607 71.8052
627 0.0340489 0.0418431 71.9316
628 0.0167575 0.0340979 72.0326
629 0.0301753 0.0567414 72.1699
630 0.017376 0.0336183 72.2711
631 0.0176048 0.0323532 72.3714
632 0.0161082 0.0319214 72.4696
633 0.0165527 0.0320084 72.5683
634 0.0174784 0.03293 72.669
635 0.0171175 0.035769 72.7723
636 0.0166197 0.0348412 72.8739
637 0.0162091 0.0332015 72.9738
638 0.0158077 0.0334311 73.0734
639 0.015957 0.03827 73.1778
640 0.015198 0.037627 73.281
641 0.0154045 0.0332614 73.3801
642 0.0149987 0.0337184 73.479
643 0.0149074 0.034934 73.5791
644 0.0147872 0.0349158 73.679
645 0.0143258 0.0331258 73.7768
646 0.014641 0.0332831 73.8752
647 0.0285139 0.0435857 73.9978
648 0.0139293 0.0338008 74.0958
649 0.0159191 0.0348443 74.1969
650 0.0139407 0.0332981 74.2944
651 0.0143666 0.0326405 74.3915
652 0.0140966 0.0337875 74.4897
653 0.0137197 0.0320278 74.5859
654 0.0114558 0.0335702 74.6811
655 0.0127981 0.0478842 74.7921
656 0.013597 0.0330843 74.8891
657 0.0153372 0.0328645 74.9874
658 0.0146972 0.0375391 75.0898
659 0.0128962 0.0317382 75.1848
660 0.0104692 0.0333785 75.279
661 0.0127707 0.033364 75.3755
662 0.012168 0.0321824 75.47
663 0.0106592 0.033032 75.5638
664 0.0133826 0.0335165 75.6611
665 0.0129018 0.033792 75.7582
666 0.0127109 0.0317006 75.8528
667 0.0109416 0.0448171 75.9589
668 0.0123494 0.0311848 76.0528
669 0.0102892 0.0335831 76.147
670 0.0123008 0.0330476 76.2428
671 0.012531 0.0317992 76.3374
672 0.0096468 0.0382634 76.4356
673 0.0088637 0.0338461 76.5286
674 0.0116843 0.0338443 76.6245
675 0.0113347 0.030879 76.7169
676 0.0127638 0.0320441 76.8121
677 0.0123643 0.0328574 76.9076
678 0.0103172 0.0312014 76.9993
679 0.0103315 0.0321695 77.0921
680 0.0107618 0.0320692 77.1852
681 0.0079904 0.0326827 77.2762
682 0.0099068 0.0306149 77.3669
683 0.0097848 0.047129 77.474
684 0.007825 0.0325473 77.5647
685 0.0101984 0.0392009 77.6644
686 0.0133557 0.0434605 77.7715
687 0.0108828 0.0405679 77.8732
688 0.007751 0.0325864 77.9639
689 0.0094143 0.0326842 78.0564
690 0.007313 0.0323506 78.1464
691 0.0164695 0.0521323 78.2652
692 0.009208 0.0318688 78.3565
693 0.0136224 0.0439489 78.4644
694 0.0147726 0.035968 78.5655
695 0.0086278 0.0482222 78.6727
696 0.0153509 0.0514563 78.7897
697 0.0159065 0.0366191 78.8927
698 0.008422 0.032852 78.9841
699 0.0072074 0.0324715 79.074
700 0.0069387 0.0321018 79.1634
701 0.0084696 0.0312648 79.2536
702 0.0060706 0.0334575 79.3435
703 0.0083938 0.0471704 79.4493
704 0.0124156 0.0468784 79.5591
705 0.0056522 0.048011 79.663
706 0.0079324 0.0314064 79.7527
707 0.00592 0.032087 79.8411
708 0.0129508 0.0576907 79.9622
709 0.0080848 0.0411724 80.0616
710 0.0075461 0.0309622 80.1503
711 0.0061262 0.0338472 80.2406
712 0.0103073 0.0488788 80.35
713 0.005994 0.032088 80.4383
714 0.004775 0.0315057 80.525
715 0.0047352 0.0320307 80.6119
716 0.00769 0.0368501 80.7066
717 0.0134556 0.029824 80.8001
718 0.006061 0.0317675 80.8883
719 0.0043757 0.0326198 80.9757
720 0.0048968 0.0317487 81.0627
721 0.0069255 0.0329371 81.1529
722 0.0046023 0.0320199 81.2399
723 0.0046773 0.0317525 81.3267
724 0.0041464 0.0502652 81.4314
725 0.0101743 0.0395053 81.5315
726 0.0060027 0.03081 81.6184
727 0.0043556 0.0307948 81.7039
728 0.0070883 0.0390919 81.8003
729 0.0048343 0.0313316 81.8867
730 0.0051256 0.0326842 81.9748
731 0.0068595 0.0618577 82.0938
732 0.004259 0.0313336 82.1797
733 0.0062036 0.0325282 82.2688
734 0.0033679 0.0319714 82.3544
735 0.0034366 0.0314828 82.4397
736 0.0033966 0.0362194 82.5297
737 0.0054115 0.029802 82.6153
738 0.0051607 0.030924 82.7015
739 0.0032717 0.030354 82.7856
740 0.0030744 0.0339136 82.8729
741 0.0031648 0.0315454 82.9578
742 0.0028414 0.0317554 83.0426
743 0.0032705 0.0324057 83.1284
744 0.0028946 0.032269 83.2138
745 0.0048086 0.0303843 83.2992
746 0.0040654 0.0304647 83.384
747 0.0034412 0.0304199 83.4682
748 0.0084954 0.0572205 83.5842
749 0.0031902 0.0304015 83.668
750 0.0046946 0.0458964 83.7691
751 0.002464 0.0309466 83.8529
752 0.0032954 0.0312482 83.9376
753 0.002415 0.0358408 84.0263
754 0.002368 0.03169 84.1107
755 0.0023192 0.0320723 84.1953
756 0.0033021 0.0320836 84.2811
757 0.0062472 0.04048 84.3781
758 0.0036849 0.0448027 84.4768
759 0.0027585 0.0320202 84.562
760 0.0021061 0.0311427 84.6456
761 0.0021669 0.0311838 84.7293
762 0.0020487 0.0306773 84.8124
763 0.0020281 0.0314981 84.8963
764 0.005264 0.0593318 85.0111
765 0.0019695 0.031584 85.095
766 0.0018658 0.0312734 85.1785
767 0.0057757 0.0560137 85.2907
768 0.0017959 0.037809 85.3807
769 0.0029607 0.0309708 85.4648
770 0.0033173 0.0327541 85.5511
771 0.0034687 0.0546305 85.6594
772 0.0027017 0.0452573 85.7577
773 0.002704 0.0390054 85.8497
774 0.003799 0.0521094 85.9558
775 0.0024523 0.044473 86.0531
776 0.0015225 0.0308075 86.1359
777 0.001485 0.0299025 86.2175
778 0.0022663 0.0307984 86.3007
779 0.0016377 0.0299986 86.3826
780 0.0026802 0.0293578 86.4649
781 0.0028136 0.0376705 86.5558
782 0.0015466 0.0300425 86.6375
783 0.0013569 0.0299391 86.7191
784 0.0025749 0.0751935 86.8473
785 0.0012572 0.0495103 86.9483
786 0.0036577 0.0439822 87.0465
787 0.0011315 0.0324044 87.1303
788 0.0011809 0.031012 87.2129
789 0.001159 0.0608842 87.3251
790 0.0026069 0.0643918 87.4425
791 0.0014037 0.0424148 87.5367
792 0.0010433 0.0299557 87.6179
793 0.0009618 0.0296777 87.6989
794 0.0018386 0.0302378 87.7813
795 0.0012214 0.0613211 87.8941
796 0.0011416 0.0317958 87.9774
797 0.0010114 0.0322028 88.061
798 0.0008597 0.0314672 88.1437
799 0.0009309 0.0308257 88.2257
800 0.0007638 0.037208 88.3138
801 0.0007869 0.0310169 88.3958
802 0.0007102 0.0312257 88.4779
803 0.0007723 0.0353235 88.5644
804 0.0008058 0.0309258 88.6463
805 0.000780299 0.0310196 88.7284
806 0.0007773 0.0312505 88.8107
807 0.0011183 0.0421578 88.9042
808 0.000699799 0.0307521 88.9861
809 0.0007494 0.0297422 89.0667
810 0.0010903 0.0293452 89.1476
811 0.000773999 0.0311354 89.2299
812 0.0005397 0.0318534 89.3128
813 0.0006349 0.0309636 89.3946
814 0.0007444 0.0313527 89.477
815 0.0014122 0.0613726 89.5901
816 0.0004749 0.0301262 89.671
817 0.0004701 0.0307405 89.7526
818 0.0004703 0.0472379 89.8505
819 0.0008691 0.0298277 89.9316
820 0.0013631 0.0691153 90.0522
821 0.0004316 0.0303732 90.1332
822 0.0007473 0.0301143 90.2143
823 0.0004242 0.0326082 90.2978
824 0.0003737 0.0524446 90.4008
825 0.0008047 0.0393961 90.4913
826 0.0005157 0.0380671 90.5801
827 0.0005226 0.0447709 90.6756
828 0.0006353 0.0411717 90.7676
829 0.0003662 0.0292437 90.8477
830 0.0004049 0.0308842 90.9291
831 0.0002516 0.0314895 91.0112
832 0.0002718 0.0424138 91.1044
833 0.0004026 0.029735 91.1847
834 0.0003151 0.0291302 91.2645
835 0.0002332 0.0307583 91.3459
836 0.0002272 0.0315951 91.4281
837 0.0002215 0.0314157 91.5099
838 0.0002101 0.0340008 91.5945
839 0.0002047 0.0311216 91.6762
840 0.0002888 0.0333163 91.76
841 0.0001794 0.0305876 91.8412
842 0.0001832 0.0299365 91.9216
843 0.000182 0.0306795 92.0029
844 0.0001669 0.0302752 92.0835
845 0.0002454 0.0302612 92.1644
846 0.0001677 0.0309951 92.246
847 0.0003301 0.0346098 92.3313
848 0.0001336 0.0308338 92.4126
849 0.000166 0.0319921 92.495
850 0.0001248 0.0315855 92.5771
851 0.0001918 0.0316213 92.6593
852 0.0001191 0.0310797 92.7407
853 0.0001149 0.0319832 92.8233
854 0.000172 0.030147 92.904
855 0.0001261 0.0306294 92.9849
856 0.0001168 0.0307078 93.066
857 0.0002654 0.0673351 93.1839
858 0.0001074 0.0586611 93.2929
859 0.0002762 0.0601715 93.4036
860 0.0001273 0.0402532 93.4941
861 0.0001325 0.0363142 93.5808
862 0.000167 0.0316856 93.663
863 8.54e-05 0.0318454 93.7452
864 0.0001633 0.0387301 93.8343
865 0.0001611 0.0301957 93.9151
866 0.0002603 0.0351031 94.0007
867 0.0001516 0.0312857 94.0823
868 0.0001254 0.0612222 94.1939
869 0.0003351 0.0630715 94.3076
870 0.0001066 0.035429 94.3934
871 0.0001343 0.0502429 94.4941
872 0.0001495 0.0556077 94.6002
873 0.0001325 0.0434675 94.694
874 6.92e-05 0.0367045 94.781
875 0.0001027 0.0348129 94.8662
876 7.43e-05 0.0331822 94.9497
877 7.29e-05 0.0303261 95.0305
878 6.02e-05 0.0316603 95.1125
879 9.52e-05 0.0493105 95.2122
880 0.0001028 0.0557589 95.3183
881 9.99e-05 0.0531906 95.422
882 5.78e-05 0.0302113 95.5026
883 5.74e-05 0.0303424 95.5832
884 0.0001049 0.0313983 95.6651
885 6.92e-05 0.030648 95.746
886 0.0001 0.0413426 95.8378
887 0.0001282 0.0445329 95.9327
888 0.0001161 0.0529851 96.0362
889 6.56e-05 0.0297648 96.1162
890 8.4e-05 0.0305769 96.197
891 5.36e-05 0.0309312 96.2784
892 5.21e-05 0.033749 96.3625
893 6.02e-05 0.0644035 96.4773
894 5.47e-05 0.0307016 96.5584
895 8.35e-05 0.0392378 96.6482
896 5.48e-05 0.0376081 96.7363
897 4.84e-05 0.0301437 96.8166
898 9.15e-05 0.0299788 96.8971
899 4.78e-05 0.0308379 96.9783
900 4.66e-05 0.0313137 97.0601
901 4.66e-05 0.0309459 97.1414
902 5.56e-05 0.0466498 97.2383
903 8.02e-05 0.0475645 97.3363
904 6.54e-05 0.0544008 97.441
905 4.46e-05 0.0298784 97.5212
906 6.54e-05 0.0545351 97.6262
907 0.0001228 0.0303832 97.7071
908 4.38e-05 0.0479861 97.8053
909 6.56e-05 0.0481975 97.904
910 4.3e-05 0.0295001 97.9838
911 5.84e-05 0.0485226 98.0825
912 7.35e-05 0.030721 98.1636
913 4.3e-05 0.0477956 98.2618
914 4e-05 0.0307184 98.3429
915 5.62e-05 0.0310219 98.4242
916 4.06e-05 0.0313115 98.5059
917 4.06e-05 0.0302042 98.5865
918 4.07e-05 0.0292778 98.666
919 6.48e-05 0.0303774 98.7469
920 7.16e-05 0.0306828 98.828
921 5.34e-05 0.031366 98.9098
922 3.94e-05 0.0548405 99.015
923 7.94e-05 0.0328775 99.0983
924 3.91e-05 0.0308031 99.1793
925 3.61e-05 0.040526 99.2702
926 9.54e-05 0.0411349 99.3617
927 4.43e-05 0.0641586 99.4763
928 5.58e-05 0.036246 99.5629
929 4.41e-05 0.0315673 99.6449
930 4.58e-05 0.0311857 99.7265
931 3.7e-05 0.03064 99.8075
932 4.26e-05 0.0312996 99.8891
933 5.37e-05 0.0554234 99.9947
934 7.34e-05 0.0343908 100.08
935 3.44e-05 0.0313166 100.161
936 3.27e-05 0.0309937 100.243
937 5.15e-05 0.0307253 100.324
938 3.24e-05 0.0312038 100.405
939 3.32e-05 0.030409 100.486
940 3.35e-05 0.0303577 100.567
941 5.6e-05 0.0315503 100.649
942 5.65e-05 0.0303323 100.729
943 5.07e-05 0.0468398 100.827
944 3.14e-05 0.0307514 100.908
945 3.97e-05 0.0307312 100.989
946 3.09e-05 0.0327109 101.072
947 3.09e-05 0.053104 101.175
948 3.17e-05 0.0309258 101.256
949 3.15e-05 0.0302109 101.337
950 4.7e-05 0.0473223 101.435
951 4.04e-05 0.0293149 101.514
952 3.08e-05 0.0307247 101.595
953 3.08e-05 0.032697 101.678
954 3.16e-05 0.03113 101.76
955 2.99e-05 0.0304093 101.84
956 5.38e-05 0.0580643 101.949
957 4.37e-05 0.0303281 102.03
958 3.54e-05 0.0313026 102.111
959 3.71e-05 0.0325749 102.194
960 3.33e-05 0.0362409 102.281
961 2.77e-05 0.0307768 102.362
962 2.7e-05 0.0318951 102.444
963 2.77e-05 0.0307762 102.526
964 2.89e-05 0.0307986 102.607
965 5.92e-05 0.0308806 102.688
966 2.76e-05 0.0475981 102.786
967 2.64e-05 0.031424 102.868
968 4.96e-05 0.0492771 102.967
969 3.86e-05 0.0303434 103.048
970 3.33e-05 0.0321922 103.13
971 2.67e-05 0.0308117 103.212
972 4.79e-05 0.0669766 103.329
973 3.19e-05 0.0397836 103.419
974 2.62e-05 0.0306661 103.5
975 2.78e-05 0.0304113 103.581
976 4.21e-05 0.0601057 103.691
977 5.53e-05 0.0595708 103.801
978 2.54e-05 0.0299035 103.882
979 2.52e-05 0.030563 103.963
980 2.53e-05 0.0308267 104.044
981 4.32e-05 0.031262 104.125
982 2.49e-05 0.0305403 104.206
983 3.68e-05 0.0292052 104.286
984 2.38e-05 0.0293252 104.365
985 3.43e-05 0.0311079 104.446
986 3.28e-05 0.0309476 104.528
987 2.49e-05 0.0309581 104.609
988 2.96e-05 0.052231 104.712
989 2.92e-05 0.0434645 104.805
990 2.37e-05 0.029429 104.885
991 2.43e-05 0.0470776 104.983
992 4e-05 0.0380337 105.071
993 2.27e-05 0.0315229 105.153
994 2.12e-05 0.0294047 105.233
995 3.34e-05 0.0307385 105.314
996 4.04e-05 0.0308216 105.395
997 2.17e-05 0.0318532 105.477
998 2.18e-05 0.0311122 105.559
999 2.2e-05 0.0307286 105.64
1000 2.15e-05 0.031589 105.721
1001 2.66e-05 0.0549834 105.827
1002 3.86e-05 0.0602578 105.937
1003 3.9e-05 0.0298244 106.018
1004 2.36e-05 0.0523093 106.12
1005 2.06e-05 0.0296696 106.2
1006 2.66e-05 0.0300906 106.281
1007 3.68e-05 0.0358897 106.367
1008 3.52e-05 0.0449184 106.462
1009 2.23e-05 0.0310448 106.543
1010 3.42e-05 0.0327223 106.626
1011 2.13e-05 0.0308009 106.707
1012 2.19e-05 0.0311114 106.789
1013 2.06e-05 0.03032 106.87
1014 2.07e-05 0.0298961 106.95
1015 3.88e-05 0.0300718 107.03
1016 1.98e-05 0.0307654 107.111
1017 1.9e-05 0.0310276 107.193
1018 1.96e-05 0.0308599 107.274
1019 2.82e-05 0.0307418 107.355
1020 8.14e-05 0.060762 107.466
1021 4.48e-05 0.0467678 107.563
1022 3.13e-05 0.0457202 107.659
1023 2.57e-05 0.0308267 107.741
1024 3e-05 0.0498674 107.841
1025 1.87e-05 0.0349562 107.926
1026 1.88e-05 0.0307748 108.007
1027 3.94e-05 0.0317902 108.089
1028 3.52e-05 0.0316508 108.171
1029 2.11e-05 0.0319969 108.254
1030 2.48e-05 0.0296075 108.334
1031 3.14e-05 0.0453475 108.429
1032 2.86e-05 0.0445546 108.524
1033 1.83e-05 0.0306171 108.605
1034 4.22e-05 0.0445901 108.7
1035 1.96e-05 0.0295366 108.78
1036 1.78e-05 0.0310177 108.861
1037 2.62e-05 0.0540693 108.965
1038 3.9e-05 0.0463362 109.062
1039 2.59e-05 0.0440863 109.157
1040 3.77e-05 0.0548865 109.262
1041 1.84e-05 0.0490072 109.361
1042 2.13e-05 0.0311331 109.443
1043 1.77e-05 0.0373261 109.53
1044 1.81e-05 0.0310332 109.612
1045 1.72e-05 0.0319834 109.694
1046 4.9e-05 0.0434014 109.788
1047 5.13e-05 0.0712761 109.91
1048 3.15e-05 0.0559602 110.016
1049 2.45e-05 0.0305053 110.097
1050 1.59e-05 0.0317816 110.179
1051 1.65e-05 0.0317798 110.261
1052 1.69e-05 0.0312925 110.343
1053 1.55e-05 0.0303419 110.423
1054 1.58e-05 0.0313786 110.505
1055 1.54e-05 0.0300872 110.586
1056 1.59e-05 0.0370969 110.673
1057 1.53e-05 0.0291707 110.753
1058 1.67e-05 0.0442797 110.847
1059 1.57e-05 0.0475597 110.945
1060 3.37e-05 0.0345379 111.03
1061 1.89e-05 0.0332302 111.113
1062 2.26e-05 0.0316322 111.195
1063 1.62e-05 0.031726 111.277
1064 2.01e-05 0.0310143 111.359
1065 1.49e-05 0.0306727 111.44
1066 2.58e-05 0.061909 111.552
1067 1.44e-05 0.0302291 111.633
1068 2.29e-05 0.0305868 111.713
1069 1.57e-05 0.0312646 111.795
1070 1.48e-05 0.0307577 111.876
1071 1.48e-05 0.0324336 111.959
1072 1.48e-05 0.0308082 112.04
1073 2.33e-05 0.0540177 112.144
1074 1.87e-05 0.030741 112.226
1075 1.57e-05 0.0307517 112.307
1076 1.48e-05 0.0307485 112.388
1077 1.51e-05 0.0303994 112.468
1078 1.46e-05 0.0486697 112.567
1079 3.28e-05 0.0569966 112.675
1080 1.91e-05 0.0435931 112.769
1081 1.53e-05 0.0291934 112.848
1082 2.05e-05 0.0309645 112.93
1083 1.92e-05 0.0308262 113.011
1084 1.43e-05 0.0310489 113.092
1085 1.46e-05 0.0326208 113.175
1086 2.44e-05 0.0309645 113.256
1087 1.47e-05 0.0294111 113.336
