TimeStep Temps_Avancement Temps_Affichage Temps_Simulation
94370210683889 1.55e-05 0.228903 0.231363
94370210683890 7.3e-06 0.0593695 0.290801
94370210683891 9.6e-06 0.056659 0.347524
94370210683892 1.28e-05 0.0504846 0.398077
94370210683893 1.74e-05 0.0488971 0.447048
94370210683894 2.43e-05 0.047463 0.494593
94370210683895 2.61e-05 0.0495198 0.544196
94370210683896 4.02e-05 0.045645 0.589951
94370210683897 3.49e-05 0.0454317 0.635476
94370210683898 5.22e-05 0.0367034 0.672296
94370210683899 6.37e-05 0.0379335 0.71035
94370210683900 6.66e-05 0.0380112 0.748497
94370210683901 5.97e-05 0.0383996 0.787009
94370210683902 7.03e-05 0.0381798 0.825349
94370210683903 8.04e-05 0.041639 0.867124
94370210683904 0.0001539 0.0525506 0.919936
94370210683905 9.46e-05 0.0402633 0.960347
94370210683906 0.0001087 0.0373809 0.997893
94370210683907 0.000114 0.0410235 1.03909
94370210683908 0.0001264 0.0379434 1.07722
94370210683909 0.0001378 0.0379444 1.11536
94370210683910 0.0001514 0.0377697 1.15333
94370210683911 0.0001854 0.0385725 1.19215
94370210683912 0.0002343 0.0500494 1.2425
94370210683913 0.0001341 0.0426298 1.28529
94370210683914 0.0001914 0.0400089 1.32559
94370210683915 0.0003188 0.0370043 1.36299
94370210683916 0.0002661 0.0363769 1.3997
94370210683917 0.0002856 0.0389606 1.43903
94370210683918 0.0002166 0.0367312 1.47603
94370210683919 0.0002047 0.0368945 1.51396
94370210683920 0.0003238 0.0415987 1.55592
94370210683921 0.0002546 0.0365914 1.59282
94370210683922 0.0003056 0.0370362 1.63023
94370210683923 0.000329 0.0371363 1.66778
94370210683924 0.0003111 0.0367254 1.7049
94370210683925 0.0003308 0.0369411 1.74223
94370210683926 0.0003457 0.0363572 1.77899
94370210683927 0.0003293 0.0361017 1.81547
94370210683928 0.0003559 0.0363588 1.85224
94370210683929 0.0003918 0.0368765 1.88957
94370210683930 0.0005531 0.038322 1.9285
94370210683931 0.0004516 0.0366217 1.96563
94370210683932 0.0004558 0.0362096 2.00235
94370210683933 0.000454 0.0362355 2.03909
94370210683934 0.0004646 0.0382008 2.07782
94370210683935 0.0004536 0.0362124 2.11454
94370210683936 0.0005311 0.0423196 2.15748
94370210683937 0.000749 0.0423053 2.20062
94370210683938 0.0005314 0.0386243 2.23983
94370210683939 0.0005333 0.0375444 2.27796
94370210683940 0.0005781 0.0422255 2.32081
94370210683941 0.0008368 0.0377131 2.35942
94370210683942 0.0005537 0.0370351 2.39709
94370210683943 0.0006016 0.0363189 2.43407
94370210683944 0.0006334 0.0359842 2.47074
94370210683945 0.0006555 0.0376738 2.50913
94370210683946 0.0006696 0.0365694 2.54643
94370210683947 0.0006879 0.0362344 2.5834
94370210683948 0.0009875 0.0387771 2.62324
94370210683949 0.0007017 0.0359775 2.65997
94370210683950 0.0007118 0.0369555 2.6977
94370210683951 0.0007634 0.0367403 2.73526
94370210683952 0.000731699 0.0369517 2.77304
94370210683953 0.0007902 0.0366949 2.81059
94370210683954 0.0007551 0.0374654 2.84887
94370210683955 0.0008136 0.0363246 2.88606
94370210683956 0.0008571 0.0374861 2.92446
94370210683957 0.0009578 0.0408884 2.96636
94370210683958 0.0008633 0.037648 3.00493
94370210683959 0.0008918 0.0375162 3.04339
94370210683960 0.0009596 0.0382813 3.08268
94370210683961 0.0009686 0.0380207 3.12173
94370210683962 0.001023 0.0366368 3.15945
94370210683963 0.0010141 0.0376723 3.19819
94370210683964 0.00132 0.0376745 3.23727
94370210683965 0.001042 0.0369292 3.27529
94370210683966 0.001071 0.0365971 3.31302
94370210683967 0.0011019 0.0393788 3.35357
94370210683968 0.0015312 0.0473788 3.40263
94370210683969 0.0012808 0.0462462 3.45022
94370210683970 0.0017138 0.0457901 3.4978
94370210683971 0.0013888 0.039176 3.53842
94370210683972 0.0013678 0.0403377 3.58019
94370210683973 0.0013545 0.0527392 3.63432
94370210683974 0.0014274 0.0490263 3.68482
94370210683975 0.0015847 0.0406099 3.72709
94370210683976 0.0022116 0.0432395 3.77268
94370210683977 0.0016688 0.0412303 3.81565
94370210683978 0.00169 0.0508569 3.86827
94370210683979 0.0023501 0.0525208 3.92321
94370210683980 0.0025319 0.0444289 3.97025
94370210683981 0.0025569 0.0424548 4.01537
94370210683982 0.0026045 0.043734 4.06178
94370210683983 0.0019551 0.0496801 4.11347
94370210683984 0.0026629 0.0513974 4.16761
94370210683985 0.002097 0.0408863 4.21066
94370210683986 0.0020609 0.046974 4.25977
94370210683987 0.0028705 0.0428436 4.30556
94370210683988 0.0030035 0.0498592 4.35849
94370210683989 0.0021444 0.044967 4.40566
94370210683990 0.0022316 0.0449024 4.45286
94370210683991 0.0022999 0.0409844 4.49622
94370210683992 0.0023493 0.0448997 4.54355
94370210683993 0.0023212 0.0525687 4.59852
94370210683994 0.0029795 0.0455645 4.64718
94370210683995 0.0025642 0.0426282 4.69243
94370210683996 0.0034848 0.0453395 4.74134
94370210683997 0.0026658 0.0442182 4.78841
94370210683998 0.0026779 0.0418384 4.83302
94370210683999 0.0037374 0.0486967 4.88553
94370210684000 0.0025778 0.0536585 4.94188
94370210684001 0.002846 0.0489341 4.99375
94370210684002 0.0027739 0.0447071 5.0413
94370210684003 0.0028886 0.0487943 5.09305
94370210684004 0.0028662 0.0440985 5.1401
94370210684005 0.00317 0.0409108 5.18425
94370210684006 0.0046207 0.0451432 5.23409
94370210684007 0.0040516 0.0424693 5.28068
94370210684008 0.0043399 0.0478136 5.33291
94370210684009 0.0033551 0.0525014 5.38884
94370210684010 0.0039417 0.0435612 5.43642
94370210684011 0.0042357 0.0440458 5.48477
94370210684012 0.0033838 0.0460112 5.53422
94370210684013 0.003359 0.0423494 5.57998
94370210684014 0.0034621 0.0471831 5.63069
94370210684015 0.0034718 0.0465092 5.68072
94370210684016 0.0050348 0.0471863 5.73302
94370210684017 0.0048489 0.0483364 5.78628
94370210684018 0.0036624 0.0501512 5.84015
94370210684019 0.0054757 0.043154 5.88884
94370210684020 0.0039749 0.0465182 5.93939
94370210684021 0.0051215 0.0479106 5.99251
94370210684022 0.0040372 0.0442282 6.04082
94370210684023 0.00587489 0.0447621 6.09153
94370210684024 0.0041216 0.0434859 6.13922
94370210684025 0.0043991 0.0468317 6.1905
94370210684026 0.0062382 0.0492867 6.2461
94370210684027 0.00625649 0.0526859 6.30511
94370210684028 0.0046926 0.0442035 6.35406
94370210684029 0.0046235 0.0427947 6.40154
94370210684030 0.0047086 0.0432282 6.44958
94370210684031 0.00657669 0.0432117 6.49944
94370210684032 0.00676709 0.0557027 6.56201
94370210684033 0.0049201 0.0449759 6.61199
94370210684034 0.00693609 0.0508426 6.66984
94370210684035 0.00627549 0.046825 6.72301
94370210684036 0.0060061 0.0563394 6.78541
94370210684037 0.0063847 0.048675 6.84055
94370210684038 0.00552479 0.0485198 6.89468
94370210684039 0.00727709 0.0457224 6.94773
94370210684040 0.0069962 0.0411139 6.99591
94370210684041 0.00579469 0.0464271 7.04818
94370210684042 0.00598909 0.0517882 7.10602
94370210684043 0.00831499 0.0486457 7.16311
94370210684044 0.00707039 0.0582176 7.22848
94370210684045 0.00873319 0.0497213 7.28705
94370210684046 0.00842219 0.0573779 7.35294
94370210684047 0.00763839 0.0480594 7.40871
94370210684048 0.00863209 0.048365 7.46579
94370210684049 0.00933309 0.0412462 7.51644
94370210684050 0.0066921 0.04733 7.57054
94370210684051 0.0072423 0.0555 7.63334
94370210684052 0.00924549 0.0467181 7.68937
94370210684053 0.00931659 0.0502843 7.74909
94370210684054 0.0104414 0.052062 7.81167
94370210684055 0.0072877 0.0449849 7.86399
94370210684056 0.00719649 0.0421237 7.91337
94370210684057 0.007306 0.0458777 7.96661
94370210684058 0.0119818 0.0455301 8.02419
94370210684059 0.00942879 0.0482761 8.08203
94370210684060 0.00887629 0.0667782 8.15775
94370210684061 0.0114427 0.0491412 8.21839
94370210684062 0.00782199 0.0492635 8.27554
94370210684063 0.00772209 0.0518915 8.33521
94370210684064 0.0111541 0.0551113 8.40164
94370210684065 0.0128218 0.0534205 8.46796
94370210684066 0.0101871 0.0462958 8.52452
94370210684067 0.0100118 0.0433862 8.57797
94370210684068 0.0126057 0.0480265 8.63868
94370210684069 0.0103544 0.0429961 8.6921
94370210684070 0.00860749 0.0482056 8.74899
94370210684071 0.0117329 0.0455573 8.80634
94370210684072 0.0133387 0.0601343 8.87988
94370210684073 0.0142557 0.0405816 8.9348
94370210684074 0.00998369 0.0429823 8.98785
94370210684075 0.0123607 0.0507015 9.05098
94370210684076 0.015463 0.051653 9.11822
94370210684077 0.0122639 0.0466089 9.17716
94370210684078 0.0127072 0.0480628 9.238
94370210684079 0.0122334 0.0515414 9.30199
94370210684080 0.0129072 0.0490826 9.36405
94370210684081 0.0128184 0.052274 9.42923
94370210684082 0.0156071 0.045536 9.49049
94370210684083 0.0155734 0.0516835 9.55782
94370210684084 0.0123975 0.0560603 9.62634
94370210684085 0.0115633 0.0435828 9.68154
94370210684086 0.0114676 0.0452227 9.7383
94370210684087 0.0143629 0.0482127 9.80095
94370210684088 0.0119719 0.0442683 9.85731
94370210684089 0.013817 0.0565467 9.92774
94370210684090 0.0162866 0.0624818 10.0066
94370210684091 0.0132989 0.0405156 10.0604
94370210684092 0.0116824 0.0510311 10.1232
94370210684093 0.0148867 0.0471432 10.1853
94370210684094 0.0124276 0.0418177 10.2396
94370210684095 0.0135268 0.0404492 10.2937
94370210684096 0.0140106 0.0526671 10.3605
94370210684097 0.0128929 0.0553843 10.4289
94370210684098 0.0134963 0.0448724 10.4873
94370210684099 0.0137274 0.0413991 10.5425
94370210684100 0.0128456 0.0417119 10.5971
94370210684101 0.0134061 0.0449297 10.6555
94370210684102 0.01436 0.0520729 10.722
94370210684103 0.013739 0.0519098 10.7877
94370210684104 0.0173556 0.0478686 10.853
94370210684105 0.0160596 0.0406737 10.9099
94370210684106 0.0150866 0.0506597 10.9756
94370210684107 0.0196038 0.0611005 11.0564
94370210684108 0.0141286 0.0433934 11.114
94370210684109 0.0156337 0.0406168 11.1704
94370210684110 0.0140253 0.0421364 11.2266
94370210684111 0.0201824 0.0441849 11.291
94370210684112 0.014309 0.0458164 11.3513
94370210684113 0.0168654 0.0491348 11.4173
94370210684114 0.0162756 0.0498234 11.4835
94370210684115 0.018306 0.0437134 11.5456
94370210684116 0.0178924 0.0489592 11.6125
94370210684117 0.0184149 0.0529805 11.684
94370210684118 0.014295 0.0464652 11.7448
94370210684119 0.0194347 0.0477801 11.8121
94370210684120 0.0180482 0.0567884 11.887
94370210684121 0.0161609 0.0532945 11.9565
94370210684122 0.0189289 0.0566966 12.0322
94370210684123 0.0170935 0.0431118 12.0925
94370210684124 0.0158865 0.0491472 12.1576
94370210684125 0.0203526 0.0497674 12.2279
94370210684126 0.0166217 0.0401186 12.2847
94370210684127 0.0187687 0.0530648 12.3566
94370210684128 0.0173864 0.0518203 12.4259
94370210684129 0.0204034 0.0415694 12.4879
94370210684130 0.018158 0.0464268 12.5526
94370210684131 0.0184816 0.0601699 12.6314
94370210684132 0.0162706 0.0409476 12.6887
94370210684133 0.0163821 0.0434939 12.7486
94370210684134 0.0202828 0.042695 12.8117
94370210684135 0.0182892 0.0638703 12.8939
94370210684136 0.0264184 0.0405315 12.961
94370210684137 0.017714 0.0385797 13.0173
94370210684138 0.0188174 0.04038 13.0766
94370210684139 0.019011 0.0387473 13.1344
94370210684140 0.0166649 0.0398949 13.191
94370210684141 0.0167625 0.0413691 13.2492
94370210684142 0.0167203 0.0398791 13.3059
94370210684143 0.0169407 0.0424957 13.3655
94370210684144 0.016929 0.0396994 13.4221
94370210684145 0.0168568 0.0409721 13.48
94370210684146 0.0183959 0.0431636 13.5417
94370210684147 0.0263735 0.0409877 13.6091
94370210684148 0.01863 0.0385428 13.6663
94370210684149 0.0175334 0.0402902 13.7242
94370210684150 0.018919 0.039771 13.783
94370210684151 0.0181955 0.0392078 13.8404
94370210684152 0.027243 0.0753222 13.9431
94370210684153 0.0203922 0.0470246 14.0106
94370210684154 0.0216963 0.0426699 14.075
94370210684155 0.0246437 0.0554183 14.1551
94370210684156 0.0236414 0.0514335 14.2303
94370210684157 0.0219101 0.0499178 14.3022
94370210684158 0.0239771 0.041836 14.3681
94370210684159 0.0205877 0.0416394 14.4304
94370210684160 0.0294821 0.0575978 14.5177
94370210684161 0.0276522 0.0438096 14.5892
94370210684162 0.025564 0.0406082 14.6554
94370210684163 0.0249082 0.0435294 14.7239
94370210684164 0.0232768 0.042745 14.79
94370210684165 0.0262429 0.0517003 14.8681
94370210684166 0.031551 0.0545013 14.9542
94370210684167 0.0369376 0.0493736 15.0406
94370210684168 0.0258682 0.0429954 15.1096
94370210684169 0.0266177 0.0590463 15.1953
94370210684170 0.0236535 0.0393697 15.2584
94370210684171 0.0251194 0.0458484 15.3294
94370210684172 0.0269284 0.0409693 15.3974
94370210684173 0.0285866 0.0591005 15.4852
94370210684174 0.0280914 0.0506953 15.564
94370210684175 0.0341779 0.0624818 15.6607
94370210684176 0.0292483 0.0399892 15.7301
94370210684177 0.0325641 0.039269 15.802
94370210684178 0.0242089 0.0547591 15.881
94370210684179 0.026903 0.0474376 15.9554
94370210684180 0.0285384 0.0422577 16.0263
94370210684181 0.0271093 0.043149 16.0966
94370210684182 0.0298799 0.0477344 16.1743
94370210684183 0.0295221 0.0474765 16.2514
94370210684184 0.0269035 0.0453539 16.3238
94370210684185 0.0291329 0.0489024 16.4019
94370210684186 0.0265949 0.0554767 16.484
94370210684187 0.0312261 0.077306 16.5926
94370210684188 0.0314695 0.0563767 16.6805
94370210684189 0.0317103 0.0483454 16.7606
94370210684190 0.041283 0.066608 16.8686
94370210684191 0.034359 0.0476694 16.9507
94370210684192 0.0385909 0.060573 17.05
94370210684193 0.0385301 0.055958 17.1446
94370210684194 0.0384766 0.0647001 17.2479
94370210684195 0.0357154 0.0679674 17.3516
94370210684196 0.0355728 0.0457723 17.4331
94370210684197 0.0353935 0.0489412 17.5175
94370210684198 0.0342889 0.0451729 17.5971
94370210684199 0.0347816 0.0741824 17.7062
94370210684200 0.0422704 0.0541418 17.8027
94370210684201 0.0315985 0.042723 17.8771
94370210684202 0.0378495 0.0574777 17.9725
94370210684203 0.0379098 0.0513481 18.0619
94370210684204 0.0346094 0.0493963 18.146
94370210684205 0.0390916 0.0478702 18.233
94370210684206 0.0347585 0.0422798 18.3101
94370210684207 0.0365831 0.0417756 18.3886
94370210684208 0.0322656 0.042066 18.463
94370210684209 0.0340868 0.050518 18.5477
94370210684210 0.0310406 0.0471903 18.6259
94370210684211 0.0369893 0.0477126 18.7107
94370210684212 0.0323051 0.0512394 18.7944
94370210684213 0.033447 0.0433908 18.8713
94370210684214 0.0359186 0.0422535 18.9495
94370210684215 0.044737 0.0439871 19.0383
94370210684216 0.0392466 0.056252 19.1339
94370210684217 0.0332753 0.0542469 19.2215
94370210684218 0.0347073 0.0484397 19.3048
94370210684219 0.0360627 0.0407633 19.3817
94370210684220 0.0371299 0.0455516 19.4644
94370210684221 0.0440698 0.0634053 19.572
94370210684222 0.0433497 0.044469 19.6599
94370210684223 0.0382079 0.0541341 19.7523
94370210684224 0.0374388 0.0519642 19.8419
94370210684225 0.0399323 0.0488819 19.9308
94370210684226 0.0376694 0.0553039 20.0238
94370210684227 0.0371211 0.0568458 20.1179
94370210684228 0.0387055 0.0469926 20.2036
94370210684229 0.0371312 0.0444538 20.2853
94370210684230 0.0432064 0.0582949 20.3868
94370210684231 0.0370109 0.0412029 20.4651
94370210684232 0.0408879 0.0477372 20.5538
94370210684233 0.0384275 0.040687 20.633
94370210684234 0.039451 0.0470987 20.7196
94370210684235 0.0391312 0.0494843 20.8083
94370210684236 0.03762 0.0585661 20.9046
94370210684237 0.0427204 0.0544796 21.0019
94370210684238 0.04777 0.0457036 21.0954
94370210684239 0.0442657 0.0535563 21.1933
94370210684240 0.047679 0.0484601 21.2895
94370210684241 0.0436413 0.0564966 21.3897
94370210684242 0.0426143 0.0457569 21.4781
94370210684243 0.0491127 0.0546263 21.5819
94370210684244 0.0475082 0.0514254 21.681
94370210684245 0.0452678 0.0472274 21.7735
94370210684246 0.0444078 0.051075 21.8691
94370210684247 0.0431658 0.053457 21.9658
94370210684248 0.0451148 0.0493219 22.0603
94370210684249 0.0433324 0.0430043 22.1467
94370210684250 0.0468909 0.0515515 22.2452
94370210684251 0.0446806 0.0627502 22.3527
94370210684252 0.0462385 0.0452075 22.4442
94370210684253 0.0496709 0.0507693 22.5447
94370210684254 0.0441258 0.0458345 22.6347
94370210684255 0.0482718 0.0435693 22.7267
94370210684256 0.0512288 0.0582663 22.8363
94370210684257 0.0494551 0.05744 22.9433
94370210684258 0.0550823 0.0601131 23.0585
94370210684259 0.049799 0.0510014 23.1594
94370210684260 0.0505532 0.0492894 23.2593
94370210684261 0.0509936 0.0516683 23.362
94370210684262 0.0474756 0.0480574 23.4577
94370210684263 0.0497388 0.0452538 23.5527
94370210684264 0.0534329 0.0466174 23.6529
94370210684265 0.0479505 0.0499123 23.7508
94370210684266 0.0511071 0.0455993 23.8475
94370210684267 0.0510375 0.0436641 23.9423
94370210684268 0.0589105 0.0580025 24.0593
94370210684269 0.0777637 0.0745884 24.2118
94370210684270 0.0524528 0.0424398 24.3067
94370210684271 0.0544669 0.0561696 24.4174
94370210684272 0.0533791 0.0526676 24.5237
94370210684273 0.0517709 0.0494149 24.6249
94370210684274 0.0568536 0.0504148 24.7323
94370210684275 0.0531308 0.058013 24.8435
94370210684276 0.0516826 0.0507616 24.946
94370210684277 0.0549285 0.0502998 25.0513
94370210684278 0.0819229 0.0675835 25.2009
94370210684279 0.0649412 0.0736435 25.3396
94370210684280 0.0858055 0.101321 25.5268
94370210684281 0.078472 0.0578935 25.6632
94370210684282 0.0895979 0.0719241 25.8248
94370210684283 0.0729028 0.0574251 25.9552
94370210684284 0.0699313 0.0769251 26.1021
94370210684285 0.0826087 0.0929407 26.2778
94370210684286 0.0684771 0.0592619 26.4056
94370210684287 0.0813198 0.0755517 26.5625
94370210684288 0.0765806 0.0777831 26.717
94370210684289 0.074311 0.0517483 26.8432
94370210684290 0.0528531 0.0538866 26.95
94370210684291 0.0623861 0.0460014 27.0584
94370210684292 0.0598953 0.0446777 27.1631
94370210684293 0.0732791 0.0646139 27.3011
94370210684294 0.0721221 0.0464368 27.4197
94370210684295 0.0571721 0.0523308 27.5293
94370210684296 0.0628251 0.0599679 27.6522
94370210684297 0.0643151 0.047687 27.7642
94370210684298 0.0628974 0.0529151 27.8801
94370210684299 0.057944 0.0495542 27.9877
94370210684300 0.0614233 0.0483922 28.0976
94370210684301 0.0613171 0.0494454 28.2084
94370210684302 0.0637438 0.0597213 28.332
94370210684303 0.0681129 0.0653108 28.4654
94370210684304 0.0622585 0.0478926 28.5757
94370210684305 0.0595554 0.0562502 28.6915
94370210684306 0.0656343 0.0444625 28.8017
94370210684307 0.0570233 0.0543633 28.9132
94370210684308 0.0663504 0.056283 29.0359
94370210684309 0.0636234 0.0531482 29.1527
94370210684310 0.060476 0.0525451 29.2658
94370210684311 0.0601167 0.0458189 29.3718
94370210684312 0.0575198 0.0468228 29.4762
94370210684313 0.0640572 0.0523904 29.5927
94370210684314 0.0614613 0.0494476 29.7037
94370210684315 0.0611277 0.0462403 29.8111
94370210684316 0.066377 0.0459487 29.9235
94370210684317 0.0753146 0.0556007 30.0545
94370210684318 0.0680587 0.053973 30.1766
94370210684319 0.0627139 0.0510231 30.2904
94370210684320 0.0693746 0.0583125 30.4183
94370210684321 0.0620483 0.0458255 30.5262
94370210684322 0.064247 0.0466044 30.6371
94370210684323 0.0579202 0.052963 30.7481
94370210684324 0.0685869 0.0631718 30.8799
94370210684325 0.0586808 0.0514169 30.9901
94370210684326 0.0623479 0.0461491 31.0987
94370210684327 0.06288 0.0499887 31.2116
94370210684328 0.0731418 0.0504524 31.3353
94370210684329 0.0691899 0.0447279 31.4493
94370210684330 0.0651642 0.0525811 31.5671
94370210684331 0.0715475 0.0568697 31.6956
94370210684332 0.067836 0.0532503 31.8167
94370210684333 0.0602514 0.0521632 31.9292
94370210684334 0.0672246 0.0526601 32.0492
94370210684335 0.0655356 0.0601623 32.175
94370210684336 0.0626249 0.0525642 32.2902
94370210684337 0.107042 0.049796 32.4472
94370210684338 0.0646577 0.0450613 32.557
94370210684339 0.0613555 0.0520977 32.6705
94370210684340 0.066867 0.0563937 32.7938
94370210684341 0.0695968 0.048079 32.9116
94370210684342 0.0675439 0.0457877 33.025
94370210684343 0.0709656 0.0547063 33.1508
94370210684344 0.0645187 0.05314 33.2685
94370210684345 0.0644367 0.0556428 33.3886
94370210684346 0.0630977 0.0517198 33.5035
94370210684347 0.0531181 0.0410353 33.5977
94370210684348 0.0535373 0.0428991 33.6942
94370210684349 0.054209 0.0412218 33.7897
94370210684350 0.0532944 0.0410337 33.8841
94370210684351 0.0535524 0.0456612 33.9834
94370210684352 0.0530091 0.049185 34.0857
94370210684353 0.0594614 0.0527609 34.198
94370210684354 0.0543061 0.0410294 34.2934
94370210684355 0.0533457 0.0410265 34.3878
94370210684356 0.0538299 0.0412393 34.483
94370210684357 0.054211 0.041224 34.5784
94370210684358 0.05506 0.0417042 34.6752
94370210684359 0.0534611 0.0416651 34.7704
94370210684360 0.0535418 0.0421002 34.8661
94370210684361 0.0540382 0.0411743 34.9614
94370210684362 0.053573 0.0457926 35.0608
94370210684363 0.054224 0.0416019 35.1567
94370210684364 0.0563619 0.0412639 35.2544
94370210684365 0.0538422 0.0420428 35.3503
94370210684366 0.053912 0.0413873 35.4457
94370210684367 0.0531606 0.0420901 35.541
94370210684368 0.0539257 0.0411863 35.6362
94370210684369 0.0547442 0.0415201 35.7325
94370210684370 0.0543836 0.0412478 35.8282
94370210684371 0.0543027 0.0411266 35.9237
94370210684372 0.0540827 0.0416995 36.0195
94370210684373 0.0544632 0.0411306 36.1151
94370210684374 0.054169 0.0416818 36.211
94370210684375 0.0539962 0.0411399 36.3062
94370210684376 0.0542101 0.0411748 36.4017
94370210684377 0.0534643 0.0415716 36.4968
94370210684378 0.0536906 0.0421106 36.5926
94370210684379 0.0780721 0.0559653 36.7267
94370210684380 0.080195 0.0425421 36.8496
94370210684381 0.0539409 0.0412772 36.9448
94370210684382 0.0539725 0.0417803 37.0406
94370210684383 0.0542806 0.0422283 37.1372
94370210684384 0.0560295 0.0491065 37.2425
94370210684385 0.0555491 0.0498249 37.3479
94370210684386 0.053909 0.0446992 37.4466
94370210684387 0.0539397 0.0410478 37.5417
94370210684388 0.054518 0.0420926 37.6383
94370210684389 0.0548672 0.0429902 37.7362
94370210684390 0.0538434 0.0408643 37.831
94370210684391 0.0545235 0.0417805 37.9274
94370210684392 0.0540733 0.0418228 38.0233
94370210684393 0.0537536 0.0462104 38.1233
94370210684394 0.0538505 0.0414165 38.2187
94370210684395 0.053486 0.0415917 38.3138
94370210684396 0.0561066 0.0410724 38.411
94370210684397 0.0540629 0.0414587 38.5066
94370210684398 0.0535848 0.0420537 38.6023
94370210684399 0.0543935 0.041294 38.6981
94370210684400 0.0536752 0.041314 38.7931
94370210684401 0.0532122 0.0420154 38.8884
94370210684402 0.0537218 0.0414895 38.9836
94370210684403 0.0538788 0.0412899 39.0789
94370210684404 0.0547923 0.0459242 39.1796
94370210684405 0.0544886 0.0425701 39.2768
94370210684406 0.0534816 0.0416986 39.372
94370210684407 0.0535645 0.0410971 39.4667
94370210684408 0.0535695 0.0411144 39.5615
94370210684409 0.0530318 0.0416691 39.6562
94370210684410 0.0559048 0.0425335 39.7547
94370210684411 0.0534002 0.0413049 39.8495
94370210684412 0.0533358 0.0413698 39.9443
94370210684413 0.0569186 0.0417031 40.0429
94370210684414 0.0530867 0.0417591 40.1379
94370210684415 0.0521535 0.0435824 40.2336
94370210684416 0.0529672 0.0481023 40.3348
94370210684417 0.0538875 0.0408349 40.4296
94370210684418 0.0526028 0.0414066 40.5237
94370210684419 0.051341 0.041071 40.6161
94370210684420 0.0520555 0.041249 40.7095
94370210684421 0.0551779 0.0415718 40.8063
94370210684422 0.0512431 0.04071 40.8983
94370210684423 0.0507234 0.0421538 40.9913
94370210684424 0.0502868 0.0407355 41.0823
94370210684425 0.050401 0.0410233 41.1738
94370210684426 0.0509357 0.041442 41.2663
94370210684427 0.050862 0.0406483 41.3578
94370210684428 0.04973 0.0406491 41.4483
94370210684429 0.0502521 0.0405718 41.5392
94370210684430 0.0492186 0.0420363 41.6305
94370210684431 0.0494089 0.0416482 41.7216
94370210684432 0.0527864 0.0405807 41.815
94370210684433 0.0491602 0.040599 41.9048
94370210684434 0.0481665 0.0408038 41.9939
94370210684435 0.0485444 0.0408461 42.0833
94370210684436 0.0482098 0.0431551 42.1747
94370210684437 0.0483691 0.0404027 42.2636
94370210684438 0.070798 0.053323 42.3878
94370210684439 0.0495166 0.0422825 42.4796
94370210684440 0.0506287 0.0426889 42.573
94370210684441 0.0507972 0.0430998 42.667
94370210684442 0.0500661 0.0427849 42.7599
94370210684443 0.0603685 0.0443976 42.8647
94370210684444 0.0499563 0.0436093 42.9584
94370210684445 0.0485535 0.0433525 43.0503
94370210684446 0.0486753 0.0474356 43.1465
94370210684447 0.0483022 0.0434206 43.2383
94370210684448 0.047446 0.052354 43.3382
94370210684449 0.0474507 0.0431064 43.4289
94370210684450 0.0476667 0.044153 43.5207
94370210684451 0.0471316 0.0436242 43.6115
94370210684452 0.0468019 0.0439147 43.7023
94370210684453 0.0480591 0.0503892 43.8008
94370210684454 0.0473725 0.044405 43.8927
94370210684455 0.0464449 0.0999437 44.0391
94370210684456 0.0789091 0.0400768 44.1582
94370210684457 0.0442384 0.0399648 44.2424
94370210684458 0.0441173 0.0447552 44.3314
94370210684459 0.0579018 0.0526779 44.442
94370210684460 0.0553749 0.0436642 44.5412
94370210684461 0.0437146 0.0398913 44.6249
94370210684462 0.0432536 0.0403363 44.7086
94370210684463 0.0434491 0.0400846 44.7922
94370210684464 0.0461777 0.0557606 44.8943
94370210684465 0.0467485 0.0454793 44.9866
94370210684466 0.0425072 0.0400784 45.0692
94370210684467 0.0434402 0.0401053 45.1528
94370210684468 0.0437457 0.0406006 45.2373
94370210684469 0.0418762 0.0414993 45.3207
94370210684470 0.042806 0.0405391 45.4041
94370210684471 0.0454179 0.0396172 45.4892
94370210684472 0.0414195 0.0400984 45.5708
94370210684473 0.0409797 0.0394285 45.6512
94370210684474 0.0415572 0.0395521 45.7324
94370210684475 0.0430478 0.0395914 45.8151
94370210684476 0.0405548 0.0394765 45.8952
94370210684477 0.0414982 0.0404518 45.9772
94370210684478 0.0401264 0.0404359 46.0578
94370210684479 0.0402471 0.0399207 46.138
94370210684480 0.039826 0.0458893 46.2238
94370210684481 0.0417076 0.0395185 46.3051
94370210684482 0.0399424 0.0393933 46.3845
94370210684483 0.0389368 0.0422025 46.4657
94370210684484 0.0389523 0.0399279 46.5447
94370210684485 0.0400884 0.0399658 46.6248
94370210684486 0.0385215 0.0394481 46.7028
94370210684487 0.0391287 0.0402699 46.7823
94370210684488 0.0381271 0.0397338 46.8602
94370210684489 0.0381333 0.0388337 46.9372
94370210684490 0.0392935 0.040032 47.0167
94370210684491 0.037863 0.0392325 47.0938
94370210684492 0.0375312 0.0416121 47.173
94370210684493 0.039124 0.039003 47.2512
94370210684494 0.0368972 0.0486358 47.3368
94370210684495 0.0372244 0.0392434 47.4133
94370210684496 0.0365719 0.0392893 47.4893
94370210684497 0.0377849 0.0386768 47.5658
94370210684498 0.0362179 0.0389537 47.641
94370210684499 0.0358703 0.0389078 47.7159
94370210684500 0.0358136 0.0405046 47.7922
94370210684501 0.0350323 0.0389446 47.8663
94370210684502 0.0353659 0.0385884 47.9403
94370210684503 0.0354553 0.0430243 48.0188
94370210684504 0.0353965 0.0391576 48.0934
94370210684505 0.0345731 0.0392848 48.1673
94370210684506 0.0354313 0.0387505 48.2416
94370210684507 0.0344428 0.0389832 48.3151
94370210684508 0.0356794 0.0392943 48.3901
94370210684509 0.0335557 0.0386458 48.4623
94370210684510 0.0345959 0.0421292 48.5391
94370210684511 0.0330491 0.0384485 48.6107
94370210684512 0.032643 0.0440807 48.6875
94370210684513 0.0341583 0.0394738 48.7612
94370210684514 0.0324787 0.0484605 48.8422
94370210684515 0.0494637 0.0458752 48.9376
94370210684516 0.0394171 0.0480049 49.0251
94370210684517 0.0376468 0.0506483 49.1135
94370210684518 0.0329029 0.0395162 49.186
94370210684519 0.0324523 0.0381248 49.2566
94370210684520 0.0332024 0.0460621 49.3359
94370210684521 0.0346008 0.0537922 49.4244
94370210684522 0.0382104 0.0415166 49.5042
94370210684523 0.0300838 0.038527 49.5728
94370210684524 0.0307434 0.0379992 49.6417
94370210684525 0.0298733 0.0383189 49.7099
94370210684526 0.0292467 0.0386865 49.7779
94370210684527 0.0308294 0.0383428 49.8471
94370210684528 0.0303708 0.0384199 49.916
94370210684529 0.0291923 0.0382403 49.9835
94370210684530 0.0291493 0.0388067 50.0515
94370210684531 0.028728 0.0388551 50.1191
94370210684532 0.028633 0.0383278 50.1862
94370210684533 0.0292293 0.0410315 50.2565
94370210684534 0.0276474 0.0393745 50.3236
94370210684535 0.0274308 0.0384578 50.3895
94370210684536 0.0273857 0.0375499 50.4545
94370210684537 0.0279613 0.0383022 50.5208
94370210684538 0.0279673 0.0378004 50.5866
94370210684539 0.0276161 0.0387163 50.653
94370210684540 0.0268747 0.0380478 50.718
94370210684541 0.0270956 0.0390436 50.7842
94370210684542 0.0269521 0.0377615 50.849
94370210684543 0.0258601 0.0392888 50.9142
94370210684544 0.0246158 0.0461017 50.985
94370210684545 0.0276345 0.0381953 51.0509
94370210684546 0.0256191 0.038091 51.1147
94370210684547 0.0286872 0.0380485 51.1815
94370210684548 0.0385095 0.0420737 51.2621
94370210684549 0.0272907 0.0389825 51.3285
94370210684550 0.0249395 0.037353 51.3909
94370210684551 0.0249251 0.0373574 51.4532
94370210684552 0.0252078 0.0381675 51.5166
94370210684553 0.0242619 0.0393178 51.5802
94370210684554 0.0227184 0.0400829 51.6431
94370210684555 0.0249011 0.0382582 51.7063
94370210684556 0.0241523 0.0384081 51.7689
94370210684557 0.0241487 0.0396912 51.8328
94370210684558 0.0221448 0.0391872 51.8942
94370210684559 0.0228884 0.0385698 51.9557
94370210684560 0.0231976 0.0378368 52.0168
94370210684561 0.0217152 0.0391976 52.0778
94370210684562 0.0228621 0.0373481 52.1381
94370210684563 0.0233363 0.0413197 52.2028
94370210684564 0.022205 0.0391208 52.2642
94370210684565 0.021244 0.0576223 52.3431
94370210684566 0.0245854 0.0376513 52.4054
94370210684567 0.0225211 0.0376487 52.4656
94370210684568 0.0211263 0.0388788 52.5257
94370210684569 0.0220219 0.0373938 52.5852
94370210684570 0.0255568 0.0489179 52.6597
94370210684571 0.0219635 0.0423992 52.7242
94370210684572 0.0327238 0.04676 52.8037
94370210684573 0.0198071 0.0389234 52.8625
94370210684574 0.020421 0.0378958 52.9209
94370210684575 0.0196234 0.0389776 52.9795
94370210684576 0.0207665 0.0431091 53.0435
94370210684577 0.0238063 0.0372967 53.1047
94370210684578 0.0192053 0.0384047 53.1624
94370210684579 0.0201358 0.0374221 53.22
94370210684580 0.01998 0.0383877 53.2784
94370210684581 0.0200483 0.0388697 53.3374
94370210684582 0.0198279 0.0392515 53.3965
94370210684583 0.0202127 0.0379385 53.4547
94370210684584 0.0188087 0.0394563 53.5131
94370210684585 0.0184028 0.0384216 53.57
94370210684586 0.0181354 0.0379438 53.6261
94370210684587 0.0191744 0.0371802 53.6825
94370210684588 0.0190569 0.0401082 53.7417
94370210684589 0.020312 0.0373437 53.7995
94370210684590 0.0180353 0.0400654 53.8577
94370210684591 0.0188829 0.0374815 53.9141
94370210684592 0.017216 0.0382636 53.9696
94370210684593 0.0172928 0.0386174 54.0256
94370210684594 0.0188683 0.0371787 54.0817
94370210684595 0.017047 0.0443981 54.1432
94370210684596 0.0197128 0.0375668 54.2006
94370210684597 0.0164256 0.0387626 54.2558
94370210684598 0.0215351 0.0374554 54.3149
94370210684599 0.0166949 0.0383456 54.37
94370210684600 0.0162939 0.0385758 54.4249
94370210684601 0.0160698 0.0384716 54.4795
94370210684602 0.0174619 0.0372816 54.5343
94370210684603 0.0157666 0.0381326 54.5883
94370210684604 0.0158302 0.0382134 54.6424
94370210684605 0.0172961 0.0375613 54.6973
94370210684606 0.0157425 0.0382245 54.7513
94370210684607 0.0159451 0.0430052 54.8103
94370210684608 0.0170256 0.0424732 54.87
94370210684609 0.0156553 0.0400735 54.9258
94370210684610 0.0158373 0.0387591 54.9804
94370210684611 0.0180935 0.0407464 55.0393
94370210684612 0.0153052 0.0384372 55.0931
94370210684613 0.0168523 0.0376337 55.1477
94370210684614 0.0149822 0.0381526 55.2009
94370210684615 0.0146581 0.0395711 55.2552
94370210684616 0.0144984 0.0387714 55.3085
94370210684617 0.0176604 0.037582 55.3638
94370210684618 0.0143027 0.0384002 55.4166
94370210684619 0.0141218 0.038426 55.4692
94370210684620 0.0143932 0.0384524 55.5221
94370210684621 0.013704 0.0382135 55.5741
94370210684622 0.0134608 0.0378701 55.6255
94370210684623 0.0135398 0.0381002 55.6772
94370210684624 0.0136213 0.0381052 55.729
94370210684625 0.0147586 0.0372737 55.7811
94370210684626 0.0129297 0.0397575 55.8339
94370210684627 0.0152205 0.0380664 55.8873
94370210684628 0.0127586 0.0394909 55.9396
94370210684629 0.0125202 0.0382575 55.9904
94370210684630 0.0126747 0.0380644 56.0412
94370210684631 0.0124746 0.0383224 56.0921
94370210684632 0.0123568 0.0381344 56.1426
94370210684633 0.0121717 0.03836 56.1932
94370210684634 0.0121257 0.0385927 56.244
94370210684635 0.0121267 0.0378026 56.294
94370210684636 0.0123492 0.0383135 56.3447
94370210684637 0.0139996 0.0384133 56.3972
94370210684638 0.0121649 0.0380491 56.4474
94370210684639 0.0120765 0.0384771 56.498
94370210684640 0.0115979 0.0451788 56.5549
94370210684641 0.0120764 0.0427207 56.6098
94370210684642 0.0117069 0.0381754 56.6597
94370210684643 0.0105689 0.0394257 56.7098
94370210684644 0.0110057 0.0384396 56.7593
94370210684645 0.0118229 0.0378403 56.809
94370210684646 0.0099988 0.0391885 56.8582
94370210684647 0.0127543 0.0381443 56.9092
94370210684648 0.0092096 0.0386535 56.9572
94370210684649 0.0089864 0.0386461 57.0048
94370210684650 0.0091311 0.0449523 57.059
94370210684651 0.0087233 0.0392316 57.107
94370210684652 0.008681 0.0390265 57.1548
94370210684653 0.0093078 0.0408371 57.205
94370210684654 0.0088857 0.0385465 57.2525
94370210684655 0.0084835 0.0390524 57.3001
94370210684656 0.0226674 0.128007 57.451
94370210684657 0.0238672 0.125773 57.6007
94370210684658 0.0227109 0.188095 57.8116
94370210684659 0.0163113 0.0544168 57.8825
94370210684660 0.0101812 0.0587189 57.9514
94370210684661 0.0109764 0.0427974 58.0052
94370210684662 0.0076007 0.0389367 58.0518
94370210684663 0.0080217 0.0385317 58.0985
94370210684664 0.0078986 0.0383659 58.1448
94370210684665 0.0073134 0.0385007 58.1907
94370210684666 0.0071836 0.0439601 58.2419
94370210684667 0.0072515 0.0380095 58.2872
94370210684668 0.0070516 0.04475 58.339
94370210684669 0.0071086 0.0397872 58.386
94370210684670 0.0072902 0.0381414 58.4315
94370210684671 0.0081005 0.0407653 58.4804
94370210684672 0.0067147 0.0455458 58.5328
94370210684673 0.0059718 0.0402651 58.5791
94370210684674 0.0064033 0.0380733 58.6236
94370210684675 0.0062044 0.0380343 58.6679
94370210684676 0.005669 0.0381498 58.7118
94370210684677 0.0054221 0.0382464 58.7555
94370210684678 0.0064343 0.0385061 58.8005
94370210684679 0.0053226 0.038326 58.8442
94370210684680 0.0050537 0.0391777 58.8885
94370210684681 0.0051622 0.0387319 58.9325
94370210684682 0.0048412 0.0407133 58.9781
94370210684683 0.005052 0.0383284 59.0215
94370210684684 0.0046445 0.038604 59.0648
94370210684685 0.0045075 0.0381094 59.1075
94370210684686 0.0045485 0.0391513 59.1513
94370210684687 0.0045424 0.0384915 59.1944
94370210684688 0.0041656 0.0382527 59.2368
94370210684689 0.0040874 0.0380097 59.279
94370210684690 0.004392 0.0392571 59.3227
94370210684691 0.0039805 0.0384527 59.3652
94370210684692 0.003908 0.0377821 59.4069
94370210684693 0.0042293 0.0381854 59.4494
94370210684694 0.0037472 0.0390778 59.4923
94370210684695 0.0036474 0.0376756 59.5337
94370210684696 0.0037146 0.0387686 59.5762
94370210684697 0.0034139 0.0386599 59.6183
94370210684698 0.0035015 0.0375468 59.6595
94370210684699 0.0034451 0.0380306 59.701
94370210684700 0.0033021 0.0376375 59.742
94370210684701 0.0033808 0.0380905 59.7835
94370210684702 0.0030416 0.0381139 59.8248
94370210684703 0.0029995 0.0378767 59.8657
94370210684704 0.003016 0.0469589 59.9158
94370210684705 0.0034908 0.0397285 59.959
94370210684706 0.0029407 0.0415593 60.0036
94370210684707 0.0026689 0.0381013 60.0444
94370210684708 0.0027932 0.0380587 60.0853
94370210684709 0.0026101 0.0381711 60.1262
94370210684710 0.0026587 0.0374776 60.1664
94370210684711 0.0025161 0.0377439 60.2067
94370210684712 0.0026712 0.038373 60.2478
94370210684713 0.0024794 0.0402271 60.2906
94370210684714 0.0024557 0.0381427 60.3313
94370210684715 0.0024417 0.0376885 60.3715
94370210684716 0.0023234 0.0381729 60.412
94370210684717 0.0025298 0.0378291 60.4524
94370210684718 0.0021579 0.0400309 60.4947
94370210684719 0.0039202 0.0382908 60.5369
94370210684720 0.0023997 0.0387583 60.5782
94370210684721 0.0019796 0.0378837 60.6181
94370210684722 0.0019548 0.0382872 60.6584
94370210684723 0.0018843 0.0381786 60.6985
94370210684724 0.0018172 0.0375998 60.738
94370210684725 0.0017364 0.0399127 60.7797
94370210684726 0.0018138 0.037374 60.8189
94370210684727 0.0017004 0.0382683 60.8589
94370210684728 0.0017175 0.0381796 60.8989
94370210684729 0.0016179 0.0378627 60.9385
94370210684730 0.0015177 0.0379271 60.978
94370210684731 0.0015191 0.0403103 61.0199
94370210684732 0.0024979 0.0387752 61.0612
94370210684733 0.0014036 0.037663 61.1003
94370210684734 0.0014588 0.0375092 61.1394
94370210684735 0.0015684 0.037759 61.1788
94370210684736 0.001276 0.0438087 61.224
94370210684737 0.002072 0.0534502 61.2796
94370210684738 0.0017149 0.0420025 61.3233
94370210684739 0.0014087 0.0378409 61.3627
94370210684740 0.0011639 0.0380055 61.4019
94370210684741 0.0010856 0.0374357 61.4405
94370210684742 0.0010792 0.0380661 61.48
94370210684743 0.001066 0.0376244 61.5187
94370210684744 0.0010304 0.0409082 61.5607
94370210684745 0.0010682 0.0382217 61.6001
94370210684746 0.0011896 0.0413089 61.6426
94370210684747 0.0009108 0.0385363 61.6821
94370210684748 0.0010992 0.0386924 61.722
94370210684749 0.0008278 0.0384889 61.7614
94370210684750 0.000912601 0.0381197 61.8005
94370210684751 0.0007939 0.0376838 61.839
94370210684752 0.0008193 0.0378451 61.8777
94370210684753 0.0007601 0.041772 61.9203
94370210684754 0.0007379 0.0379219 61.959
94370210684755 0.0007695 0.0376941 61.9975
94370210684756 0.0007929 0.0377643 62.0362
94370210684757 0.0006922 0.0396197 62.0765
94370210684758 0.0006299 0.038003 62.1152
94370210684759 0.0006338 0.0378504 62.1538
94370210684760 0.0005843 0.0433025 62.1977
94370210684761 0.0011881 0.0420209 62.241
94370210684762 0.0008921 0.0390403 62.281
94370210684763 0.0005742 0.046222 62.3279
94370210684764 0.0009136 0.041257 62.3701
94370210684765 0.0005371 0.037917 62.4086
94370210684766 0.0003935 0.0379471 62.447
94370210684767 0.0005197 0.038501 62.4861
94370210684768 0.0008231 0.0502145 62.5372
94370210684769 0.000487 0.0405728 62.5784
94370210684770 0.000896801 0.0389793 62.6183
94370210684771 0.0004884 0.0378917 62.6568
94370210684772 0.0006406 0.0380919 62.6956
94370210684773 0.0004627 0.0378347 62.7339
94370210684774 0.0004587 0.0379519 62.7724
94370210684775 0.0004431 0.038052 62.8109
94370210684776 0.000433 0.0372244 62.8486
94370210684777 0.0003769 0.0380532 62.8871
94370210684778 0.0004265 0.0376421 62.9252
94370210684779 0.0003776 0.0379442 62.9636
94370210684780 0.0004056 0.0439616 63.008
94370210684781 0.0003951 0.0381083 63.0466
94370210684782 0.0003865 0.0383739 63.0855
94370210684783 0.0003988 0.0423413 63.1283
94370210684784 0.0004261 0.0379538 63.1667
94370210684785 0.0004022 0.0382882 63.2055
94370210684786 0.0004836 0.0378913 63.2439
94370210684787 0.0003815 0.0374674 63.2818
94370210684788 0.0004566 0.0388521 63.3212
94370210684789 0.0004695 0.0408784 63.3626
94370210684790 0.0004154 0.0376256 63.4007
94370210684791 0.0004709 0.0378721 63.4391
94370210684792 0.0003744 0.0384597 63.478
94370210684793 0.0004198 0.0373658 63.5159
94370210684794 0.0003804 0.037928 63.5542
94370210684795 0.0003723 0.0379539 63.5926
94370210684796 0.0002555 0.0376798 63.6306
94370210684797 0.0006708 0.0377985 63.6691
94370210684798 0.0003538 0.0380368 63.7076
94370210684799 0.0003398 0.0378429 63.7459
94370210684800 0.0003752 0.0435342 63.7899
94370210684801 0.0004411 0.0405554 63.8309
94370210684802 0.0004265 0.0380734 63.8695
94370210684803 0.0003425 0.0401479 63.91
94370210684804 0.0003618 0.0383555 63.9488
94370210684805 0.0004162 0.03763 63.9869
94370210684806 0.0003204 0.0386466 64.0259
94370210684807 0.0003391 0.0380754 64.0644
94370210684808 0.0004629 0.0413486 64.1063
94370210684809 0.0006993 0.0514768 64.1585
94370210684810 0.0006167 0.0383468 64.1975
94370210684811 0.0003735 0.0379038 64.2359
94370210684812 0.000332 0.0379289 64.2742
94370210684813 0.0003842 0.0379911 64.3126
94370210684814 0.000335 0.0408142 64.3538
94370210684815 0.0003675 0.0378539 64.3921
94370210684816 0.000394 0.038151 64.4307
94370210684817 0.0003576 0.0377237 64.4688
94370210684818 0.0003713 0.0379998 64.5073
94370210684819 0.0004664 0.0379916 64.5458
94370210684820 0.0003578 0.0381305 64.5843
94370210684821 0.0003351 0.0375782 64.6223
94370210684822 0.0004238 0.038186 64.661
94370210684823 0.0004432 0.042501 64.704
94370210684824 0.0003669 0.0377451 64.7421
94370210684825 0.0003624 0.0382513 64.7808
94370210684826 0.0004717 0.0374832 64.8188
94370210684827 0.0004428 0.0377655 64.8571
94370210684828 0.0003791 0.037644 64.8952
94370210684829 0.0003239 0.0381126 64.9337
94370210684830 0.0003264 0.0372659 64.9713
94370210684831 0.000433601 0.0378044 65.0096
94370210684832 0.0004709 0.0433315 65.0536
94370210684833 0.0003773 0.0396763 65.0937
94370210684834 0.0003435 0.0386234 65.1327
94370210684835 0.0003768 0.0376009 65.1707
94370210684836 0.000561301 0.0386425 65.21
94370210684837 0.0005037 0.0380278 65.2486
94370210684838 0.0003472 0.0412303 65.2902
94370210684839 0.000575601 0.0377761 65.3287
94370210684840 0.0004515 0.0376506 65.3668
94370210684841 0.0003867 0.0378361 65.4051
94370210684842 0.0004671 0.0376672 65.4433
94370210684843 0.0003224 0.0382418 65.4819
94370210684844 0.0003145 0.0388233 65.5211
94370210684845 0.0002837 0.0382794 65.5598
94370210684846 0.0003695 0.0377402 65.5979
94370210684847 0.000358 0.0373754 65.6357
94370210684848 0.0003627 0.037434 65.6737
94370210684849 0.0004651 0.037686 65.7119
94370210684850 0.000572 0.0405229 65.7531
94370210684851 0.0004317 0.0382681 65.7918
94370210684852 0.0003687 0.037538 65.8298
94370210684853 0.00041 0.0375889 65.8679
94370210684854 0.0003015 0.0379573 65.9062
94370210684855 0.0003237 0.0395559 65.9461
94370210684856 0.0003105 0.0378889 65.9844
94370210684857 0.0003832 0.0379807 66.0228
94370210684858 0.0002026 0.0389616 66.062
94370210684859 0.0003062 0.0378602 66.1002
94370210684860 0.0002998 0.0379472 66.1385
94370210684861 0.0002594 0.0380969 66.1769
94370210684862 0.0002983 0.0379752 66.2152
94370210684863 0.0003058 0.0385943 66.2542
94370210684864 0.0005196 0.0472151 66.3021
94370210684865 0.0003136 0.0407105 66.3431
94370210684866 0.000355 0.0382047 66.3818
94370210684867 0.0003124 0.0374514 66.4196
94370210684868 0.0003643 0.0380949 66.4581
94370210684869 0.0003428 0.0377768 66.4963
94370210684870 0.0004351 0.0375739 66.5343
94370210684871 0.0002939 0.0376156 66.5723
94370210684872 0.000357 0.0383521 66.6111
94370210684873 0.0006388 0.0377238 66.6495
94370210684874 0.00041 0.0378072 66.6878
94370210684875 0.0003375 0.038459 66.7266
94370210684876 0.0003251 0.0384259 66.7654
94370210684877 0.0003931 0.0401558 66.8061
94370210684878 0.0003659 0.0382725 66.8448
94370210684879 0.000402 0.037818 66.883
94370210684880 0.000342 0.038238 66.9217
94370210684881 0.0003152 0.0381781 66.9602
94370210684882 0.0003178 0.0373807 66.998
94370210684883 0.0003299 0.0372579 67.0356
94370210684884 0.0003969 0.0410669 67.0772
94370210684885 0.0003329 0.0389076 67.1165
94370210684886 0.0003874 0.037578 67.1545
94370210684887 0.0003285 0.0387862 67.1937
94370210684888 0.0005172 0.0388491 67.2331
94370210684889 0.0003327 0.0382897 67.2718
94370210684890 0.0003214 0.0396175 67.3118
94370210684891 0.0004445 0.046878 67.3592
94370210684892 0.0002906 0.0376506 67.3972
94370210684893 0.0003483 0.0376658 67.4353
94370210684894 0.0002802 0.0405152 67.4761
94370210684895 0.0002868 0.0380775 67.5145
94370210684896 0.0003493 0.0433909 67.5584
94370210684897 0.0008383 0.0405598 67.6
94370210684898 0.0003297 0.0374397 67.6378
94370210684899 0.0005679 0.037793 67.6762
94370210684900 0.0003994 0.0378077 67.7145
94370210684901 0.0003178 0.0381227 67.753
94370210684902 0.0003488 0.0384397 67.7918
94370210684903 0.0003144 0.042392 67.8346
94370210684904 0.0003612 0.0392277 67.8742
94370210684905 0.0004447 0.0382273 67.913
94370210684906 0.0003556 0.0400388 67.9534
94370210684907 0.0002893 0.0378215 67.9916
94370210684908 0.0003183 0.0381338 68.0301
94370210684909 0.000282 0.0380915 68.0685
94370210684910 0.0003419 0.0373989 68.1063
94370210684911 0.0003503 0.0373265 68.1441
94370210684912 0.0003927 0.0376707 68.1822
94370210684913 0.0003317 0.0378769 68.2205
94370210684914 0.0003249 0.0379937 68.2589
94370210684915 0.0003585 0.0375844 68.2969
94370210684916 0.000302 0.0380054 68.3352
94370210684917 0.0005932 0.0410473 68.377
94370210684918 0.0002943 0.0376543 68.415
94370210684919 0.0003635 0.0378518 68.4532
94370210684920 0.0003015 0.0385667 68.4922
94370210684921 0.0003374 0.0381019 68.5307
94370210684922 0.0002852 0.0380289 68.5691
94370210684923 0.0002829 0.0379509 68.6074
94370210684924 0.0003168 0.0377561 68.6455
94370210684925 0.0003813 0.0375869 68.6836
94370210684926 0.0007252 0.0378283 68.7222
94370210684927 0.0004012 0.0376252 68.7603
94370210684928 0.0003223 0.0439573 68.8047
94370210684929 0.0003287 0.0404857 68.8456
94370210684930 0.0003323 0.0389833 68.885
94370210684931 0.00035 0.0433233 68.9287
94370210684932 0.0002322 0.0966099 69.0256
94370210684933 0.0005265 0.0759127 69.1021
94370210684934 0.0003971 0.0374039 69.1399
94370210684935 0.0005463 0.037973 69.1785
94370210684936 0.0003222 0.0376049 69.2165
94370210684937 0.0003388 0.0375542 69.2545
94370210684938 0.000282 0.0382543 69.2931
94370210684939 0.0003907 0.0381178 69.3316
94370210684940 0.0003272 0.0379173 69.3699
94370210684941 0.0003068 0.0393606 69.4097
94370210684942 0.0003297 0.0378024 69.4479
94370210684943 0.0004078 0.0376034 69.4859
94370210684944 0.0003162 0.0375171 69.5238
94370210684945 0.0003435 0.0376767 69.5619
94370210684946 0.0002775 0.0380114 69.6002
94370210684947 0.0003215 0.0370798 69.6377
94370210684948 0.0003198 0.037889 69.676
94370210684949 0.000357 0.0379547 69.7144
94370210684950 0.0002837 0.0383171 69.753
94370210684951 0.000343 0.0387371 69.7921
94370210684952 0.000319301 0.0376264 69.8301
94370210684953 0.0002674 0.0375873 69.8681
94370210684954 0.0003436 0.0427445 69.9112
94370210684955 0.0005604 0.0517505 69.9636
94370210684956 0.0002792 0.0390476 70.003
94370210684957 0.0004688 0.0428269 70.0464
94370210684958 0.0003334 0.0383492 70.0851
94370210684959 0.0002735 0.039001 70.1245
94370210684960 0.0003051 0.0443079 70.1692
94370210684961 0.0003234 0.0397296 70.2093
94370210684962 0.0005626 0.0375778 70.2475
94370210684963 0.0003352 0.0390526 70.287
94370210684964 0.0002886 0.0383716 70.3257
94370210684965 0.000368 0.0413171 70.3674
94370210684966 0.0003151 0.0378728 70.4057
94370210684967 0.0003002 0.0409546 70.447
94370210684968 0.0004212 0.037828 70.4853
94370210684969 0.0003948 0.0385124 70.5243
94370210684970 0.0002817 0.0377791 70.5624
94370210684971 0.0003106 0.0377291 70.6005
94370210684972 0.0003285 0.0376769 70.6386
94370210684973 0.0002822 0.0377149 70.6766
94370210684974 0.0002851 0.0377232 70.7147
94370210684975 0.0003313 0.0380255 70.7531
94370210684976 0.0003374 0.0375771 70.7911
94370210684977 0.0004169 0.0418021 70.8333
94370210684978 0.0003624 0.0535298 70.8873
94370210684979 0.0003285 0.0533271 70.941
94370210684980 0.000298801 0.0448372 70.9862
94370210684981 0.0004358 0.0404299 71.0272
94370210684982 0.0004157 0.0507107 71.0784
94370210684983 0.000402 0.0434002 71.1222
94370210684984 0.0004237 0.0407532 71.1634
94370210684985 0.0003206 0.0395602 71.2034
94370210684986 0.0002936 0.0381793 71.2419
94370210684987 0.0003633 0.0378066 71.2802
94370210684988 0.0002912 0.0414098 71.3219
94370210684989 0.0005027 0.043119 71.3656
94370210684990 0.0003259 0.0415614 71.4076
94370210684991 0.0002641 0.0408199 71.4487
94370210684992 0.000322 0.0616793 71.5109
94370210684993 0.0004792 0.0598583 71.5713
94370210684994 0.0005334 0.0487443 71.6206
94370210684995 0.000372401 0.0380084 71.6591
94370210684996 0.0003216 0.038262 71.6977
94370210684997 0.0004107 0.0392663 71.7374
94370210684998 0.0003649 0.0383417 71.7764
94370210684999 0.0003548 0.0376076 71.8144
94370210685000 0.0003249 0.0378266 71.8526
94370210685001 0.0003291 0.0373841 71.8904
94370210685002 0.0003541 0.0378552 71.9287
94370210685003 0.0003296 0.0400059 71.9691
94370210685004 0.0002778 0.0385501 72.0079
94370210685005 0.0004328 0.0410981 72.0496
94370210685006 0.000304 0.0377195 72.0876
94370210685007 0.0002514 0.0382476 72.1262
94370210685008 0.0003294 0.0385974 72.1652
94370210685009 0.0003278 0.0397767 72.2053
94370210685010 0.0002774 0.0380992 72.2438
94370210685011 0.0003247 0.0379313 72.2821
94370210685012 0.0003505 0.0470028 72.3295
94370210685013 0.000624 0.0412936 72.3715
94370210685014 0.0002856 0.0379688 72.4098
94370210685015 0.0002912 0.0375696 72.4477
94370210685016 0.0002732 0.0374629 72.4855
94370210685017 0.0002937 0.0376527 72.5235
94370210685018 0.000569 0.0381962 72.5624
94370210685019 0.0002951 0.0378559 72.6006
94370210685020 0.0003883 0.0375227 72.6385
94370210685021 0.0002831 0.0376738 72.6766
94370210685022 0.0002782 0.0375223 72.7144
94370210685023 0.0004287 0.0372727 72.7522
94370210685024 0.000307 0.0450946 72.7977
94370210685025 0.0003066 0.0402794 72.8383
94370210685026 0.0002661 0.0379374 72.8766
94370210685027 0.0002668 0.0376688 72.9146
94370210685028 0.0003288 0.03712 72.9521
94370210685029 0.0003658 0.0379273 72.9904
94370210685030 0.0003199 0.0375664 73.0284
94370210685031 0.000311001 0.0393528 73.0681
94370210685032 0.0002652 0.0374167 73.1059
94370210685033 0.0002797 0.0380006 73.1442
94370210685034 0.0002761 0.037642 73.1822
94370210685035 0.0003076 0.0379162 73.2205
94370210685036 0.0003207 0.0379839 73.2588
94370210685037 0.0002986 0.037855 73.2971
94370210685038 0.0003575 0.0400479 73.3376
94370210685039 0.0002636 0.0392998 73.3772
94370210685040 0.0005336 0.0375598 73.4155
