TimeStep Temps_Avancement Temps_Affichage Temps_Simulation
6 0.0013378 0.413996 0.418283
7 7.4e-06 0.04991 0.468561
8 1.68e-05 0.0671079 0.535754
9 2.49e-05 0.0645438 0.600398
10 3.88e-05 0.0575675 0.658087
11 2.9e-05 0.062786 0.720951
12 5.06e-05 0.0526099 0.773681
13 4.05e-05 0.0633206 0.837105
14 7.62e-05 0.0568314 0.894087
15 0.000143 0.0575863 0.952023
16 0.0001024 0.0534597 1.00566
17 8.43e-05 0.0552019 1.06101
18 0.0001458 0.0545487 1.11579
19 0.0001638 0.0518514 1.16792
20 0.0001697 0.053898 1.22207
21 0.0001361 0.0557198 1.278
22 0.0001547 0.0584536 1.33668
23 0.0001735 0.0540056 1.39097
24 0.0002151 0.0754761 1.46674
25 0.0004186 0.0496557 1.51694
26 0.0002024 0.0419899 1.55918
27 0.000226 0.0482018 1.60769
28 0.0001799 0.0465356 1.65446
29 0.0002736 0.0475905 1.7024
30 0.000353 0.042987 1.74581
31 0.0002046 0.0360299 1.78214
32 0.000223 0.0445133 1.82698
33 0.0003903 0.0412797 1.86873
34 0.0003598 0.0364535 1.90562
35 0.0003063 0.0355759 1.94156
36 0.0002705 0.0356677 1.97756
37 0.0003497 0.0360638 2.01406
38 0.0004224 0.0354044 2.04997
39 0.0003528 0.042605 2.09302
40 0.0003878 0.0365052 2.12997
41 0.0004336 0.0407322 2.17126
42 0.000381 0.0362027 2.20791
43 0.000412 0.0370394 2.24542
44 0.0004064 0.0373857 2.28328
45 0.0004243 0.0366709 2.32045
46 0.0005305 0.0364731 2.35752
47 0.0004499 0.0417164 2.39978
48 0.000452 0.0384373 2.43873
49 0.0004999 0.0369513 2.47624
50 0.0004928 0.0369469 2.51374
51 0.000617 0.0368696 2.55131
52 0.0005311 0.0368378 2.58873
53 0.0005177 0.0371562 2.62646
54 0.0006936 0.0373267 2.66455
55 0.0005813 0.0369943 2.70218
56 0.0005914 0.0374977 2.74033
57 0.0006066 0.0367767 2.77777
58 0.0006436 0.0368199 2.81529
59 0.00062 0.0370263 2.853
60 0.000622 0.0355743 2.88926
61 0.0010407 0.0400119 2.93038
62 0.0007946 0.0365164 2.96776
63 0.00075 0.03612 3.00469
64 0.0007303 0.0431857 3.0487
65 0.0007443 0.0385624 3.08807
66 0.0009072 0.036805 3.12584
67 0.0008635 0.0365843 3.16346
68 0.000863399 0.0358073 3.2002
69 0.000835 0.0361824 3.23727
70 0.0008876 0.0357094 3.27392
71 0.0008634 0.0368338 3.31168
72 0.0009231 0.0361813 3.34884
73 0.0009688 0.0478803 3.39775
74 0.00102 0.0474217 3.44626
75 0.0009767 0.0364852 3.48377
76 0.0014298 0.0364814 3.52174
77 0.0010695 0.0368881 3.55976
78 0.0011627 0.0363434 3.59735
79 0.0012199 0.0361639 3.63481
80 0.0012619 0.0371656 3.67331
81 0.0012246 0.0366745 3.71131
82 0.0012914 0.0419764 3.75466
83 0.0017048 0.0373471 3.79379
84 0.0012809 0.0368944 3.83218
85 0.001306 0.0368788 3.87043
86 0.0013825 0.0359919 3.90786
87 0.0013892 0.0393663 3.94867
88 0.0013993 0.036625 3.98675
89 0.0013999 0.0367557 4.02496
90 0.0015592 0.037 4.06358
91 0.0015089 0.0360169 4.10116
92 0.0016592 0.0357053 4.13858
93 0.0015637 0.0366574 4.17686
94 0.0016132 0.0361705 4.21473
95 0.0016471 0.0389393 4.25537
96 0.001861 0.0448531 4.30219
97 0.0016794 0.0400185 4.34396
98 0.0017364 0.0369303 4.38268
99 0.0017675 0.0381579 4.42266
100 0.0018046 0.04208 4.46661
101 0.0019412 0.0368581 4.5055
102 0.0018372 0.0374786 4.54487
103 0.0020427 0.0364176 4.58344
104 0.0019857 0.0372358 4.62272
105 0.0019751 0.0367236 4.66147
106 0.0020864 0.0361297 4.69974
107 0.0023221 0.0468391 4.74896
108 0.002381 0.0483262 4.79975
109 0.002675 0.0472783 4.84981
110 0.0030595 0.0429005 4.89584
111 0.0026714 0.0411183 4.93972
112 0.0023842 0.0384914 4.98065
113 0.0038316 0.0456129 5.03018
114 0.0029792 0.0391595 5.07239
115 0.0024062 0.0420861 5.11694
116 0.0032244 0.0400311 5.16028
117 0.0032436 0.0426238 5.20626
118 0.0045753 0.0581826 5.2692
119 0.0035351 0.0552799 5.32808
120 0.0063869 0.0544932 5.38906
121 0.0025417 0.0429604 5.43464
122 0.0024214 0.0378 5.47492
123 0.0027461 0.0443082 5.52204
124 0.0027469 0.0402389 5.56509
125 0.0025228 0.0373735 5.60504
126 0.0025868 0.0441807 5.65187
127 0.0026761 0.038856 5.69346
128 0.0027097 0.0462142 5.74247
129 0.0030405 0.0395389 5.78513
130 0.0034987 0.0377531 5.82644
131 0.0029742 0.0376843 5.86716
132 0.0027891 0.0406401 5.91065
133 0.0030018 0.0382436 5.952
134 0.0046433 0.0413847 5.9981
135 0.002991 0.0393615 6.04052
136 0.0030103 0.0370129 6.08059
137 0.0031227 0.0372566 6.12103
138 0.0031331 0.0445233 6.16875
139 0.0030685 0.0389001 6.21077
140 0.0031136 0.0411 6.25505
141 0.0031919 0.0418479 6.30016
142 0.0032257 0.0381478 6.34159
143 0.0034219 0.0372569 6.38232
144 0.0037357 0.039669 6.4258
145 0.0034808 0.0442703 6.47363
146 0.0044772 0.0382606 6.51643
147 0.0034218 0.0410979 6.561
148 0.0035936 0.0369103 6.60156
149 0.003972 0.0366763 6.64231
150 0.0037358 0.0419838 6.68812
151 0.0036961 0.0391529 6.73102
152 0.0037464 0.0383592 6.77319
153 0.0041799 0.0375609 6.81498
154 0.0038456 0.0384234 6.85731
155 0.0062496 0.037475 6.90111
156 0.0038962 0.0370942 6.94216
157 0.0071756 0.0407466 6.99017
158 0.004363 0.0393439 7.03395
159 0.0040726 0.0449687 7.08305
160 0.00417811 0.0480498 7.13538
161 0.00442591 0.0424183 7.18228
162 0.00482931 0.0376889 7.22486
163 0.00445331 0.0418187 7.27119
164 0.00447601 0.0385874 7.31432
165 0.00445211 0.0371586 7.35599
166 0.00470761 0.0368324 7.39761
167 0.00446251 0.0396849 7.44182
168 0.00460171 0.0420878 7.48871
169 0.00503871 0.0391227 7.53293
170 0.00538241 0.0382941 7.57667
171 0.00522481 0.0380376 7.61999
172 0.00494131 0.0434007 7.66839
173 0.00902482 0.0511382 7.7286
174 0.00506791 0.0384275 7.77215
175 0.00522211 0.0373988 7.81483
176 0.00520681 0.0373682 7.85751
177 0.00522021 0.0372019 7.89999
178 0.00515051 0.0371428 7.94235
179 0.00568761 0.0372496 7.98537
180 0.00797442 0.0389364 8.03234
181 0.00546391 0.0392149 8.07712
182 0.00559211 0.0394632 8.12224
183 0.00575911 0.0388791 8.16694
184 0.00566761 0.0406062 8.21326
185 0.00679181 0.0488413 8.26898
186 0.0195139 0.0481223 8.33669
187 0.00595441 0.0426435 8.38534
188 0.00602561 0.0400913 8.43152
189 0.00674141 0.0382814 8.47668
190 0.00730922 0.0387239 8.52278
191 0.00696191 0.0390119 8.5688
192 0.00660261 0.0495745 8.62509
193 0.00971052 0.0412967 8.67618
194 0.00639481 0.0382053 8.72083
195 0.00671251 0.0460117 8.77361
196 0.00702952 0.0430059 8.82371
197 0.00732981 0.0391462 8.87025
198 0.00692081 0.0380742 8.9153
199 0.00677611 0.038413 8.96054
200 0.00691532 0.0377293 9.00524
201 0.00703231 0.0377793 9.05011
202 0.00754462 0.0386318 9.09636
203 0.00723901 0.0381709 9.14184
204 0.0128338 0.0448605 9.19971
205 0.0432673 0.148022 9.39107
206 0.018085 0.0969935 9.50623
207 0.0175124 0.0494049 9.57321
208 0.0142854 0.0475532 9.63515
209 0.00901002 0.0517541 9.6961
210 0.0123497 0.0498145 9.75833
211 0.0115667 0.0372857 9.80726
212 0.00865192 0.0382204 9.8542
213 0.00849492 0.0423189 9.90507
214 0.00840282 0.0383435 9.95187
215 0.00840362 0.0378987 9.99824
216 0.00846842 0.0376602 10.0444
217 0.00862282 0.0382988 10.0914
218 0.00857822 0.037654 10.1377
219 0.00888712 0.0428967 10.1895
220 0.0129067 0.0391299 10.2417
221 0.0102745 0.0374708 10.2895
222 0.0128046 0.0529459 10.3553
223 0.0162912 0.0412068 10.4129
224 0.0122849 0.0456038 10.4713
225 0.0138532 0.0424705 10.5277
226 0.0109119 0.038461 10.5771
227 0.00954212 0.0388861 10.6256
228 0.00973952 0.0385046 10.6739
229 0.0102533 0.0392549 10.7235
230 0.0106199 0.0386883 10.7729
231 0.0107539 0.0375415 10.8213
232 0.0118682 0.0387207 10.8719
233 0.0100202 0.0376527 10.9196
234 0.0100323 0.0391991 10.9689
235 0.0103494 0.0435235 11.0228
236 0.0115934 0.0383832 11.0729
237 0.0117947 0.0388108 11.1235
238 0.0122378 0.0390502 11.1749
239 0.0123384 0.039638 11.2269
240 0.0112416 0.0459481 11.2842
241 0.0136394 0.0389416 11.3369
242 0.0114199 0.037915 11.3862
243 0.0115493 0.0391632 11.437
244 0.0132898 0.039626 11.49
245 0.0113945 0.0415062 11.5429
246 0.0121139 0.0386734 11.5938
247 0.0124406 0.0375398 11.6438
248 0.0117064 0.0374566 11.6931
249 0.0121984 0.0407003 11.7461
250 0.0140256 0.041108 11.8013
251 0.0136809 0.0371907 11.8522
252 0.0128256 0.0370659 11.9022
253 0.0126371 0.0369643 11.9518
254 0.0127742 0.0367664 12.0014
255 0.0127971 0.0418026 12.0561
256 0.0132033 0.0453578 12.1148
257 0.0138402 0.0390047 12.1677
258 0.0158442 0.0375034 12.2211
259 0.0130564 0.0371521 12.2714
260 0.013261 0.0459758 12.3307
261 0.015096 0.0375534 12.3834
262 0.0133801 0.0380553 12.4349
263 0.0135263 0.0376456 12.4861
264 0.0135173 0.0387833 12.5385
265 0.0173249 0.0381327 12.6006
266 0.0140502 0.0407483 12.6555
267 0.0135881 0.037291 12.7064
268 0.0149582 0.0374373 12.7589
269 0.0142874 0.0376808 12.8109
270 0.0156645 0.0375367 12.8642
271 0.0156527 0.0376332 12.9176
272 0.0179265 0.0379422 12.9735
273 0.0155653 0.0394211 13.0286
274 0.0202344 0.0389163 13.0878
275 0.0194455 0.0730562 13.1804
276 0.0430087 0.0754041 13.2988
277 0.062657 0.0733947 13.4349
278 0.016272 0.0374159 13.4887
279 0.0164012 0.0388381 13.544
280 0.0176185 0.0364403 13.5981
281 0.0164188 0.0364817 13.6511
282 0.0159312 0.0375361 13.7046
283 0.0162357 0.0471872 13.7681
284 0.0170306 0.0405466 13.8258
285 0.020202 0.0384568 13.8846
286 0.0165967 0.0392641 13.9405
287 0.0169333 0.0385465 13.996
288 0.0180927 0.0413488 14.0556
289 0.026512 0.0377347 14.1199
290 0.0177923 0.039353 14.1771
291 0.0191023 0.0365269 14.2328
292 0.0182239 0.0371507 14.2882
293 0.0179057 0.0392206 14.3454
294 0.0188879 0.0365704 14.4009
295 0.0179683 0.038266 14.4572
296 0.0231316 0.039154 14.5196
297 0.0200021 0.0391722 14.5789
298 0.0197247 0.0369635 14.6356
299 0.0189699 0.0377748 14.6925
300 0.0203059 0.0380358 14.7509
301 0.0277825 0.0565216 14.8353
302 0.0524981 0.0367411 14.9246
303 0.0211884 0.0379448 14.9838
304 0.0196687 0.0383787 15.0419
305 0.0209611 0.0365223 15.0995
306 0.0198263 0.0377669 15.1571
307 0.0228424 0.0373431 15.2173
308 0.0208594 0.0433583 15.2816
309 0.0208231 0.0389126 15.3415
310 0.0272326 0.0443364 15.4132
311 0.0219709 0.0377178 15.4729
312 0.0232526 0.03787 15.5341
313 0.0219689 0.0382692 15.5944
314 0.0217311 0.0367505 15.653
315 0.0205621 0.0384824 15.7121
316 0.0236032 0.0372052 15.7729
317 0.0228386 0.0410934 15.8369
318 0.0249726 0.0382182 15.9001
319 0.021492 0.0385737 15.9602
320 0.0238896 0.0431684 16.0274
321 0.0260442 0.0379027 16.0915
322 0.0236086 0.0371466 16.1523
323 0.0221917 0.0422856 16.2169
324 0.0240748 0.0406589 16.2817
325 0.0233058 0.0384195 16.3435
326 0.0257479 0.0378999 16.4072
327 0.0245858 0.0519372 16.4838
328 0.0283193 0.0401698 16.5523
329 0.0238868 0.0388694 16.6151
330 0.0237928 0.0418794 16.6809
331 0.0283533 0.0389362 16.7482
332 0.0248154 0.0390903 16.8122
333 0.025317 0.0380373 16.8756
334 0.0251981 0.0371113 16.938
335 0.0264263 0.0373255 17.0018
336 0.0260099 0.0390334 17.0669
337 0.0317187 0.038942 17.1377
338 0.0268696 0.0397498 17.2043
339 0.0283106 0.0377266 17.2705
340 0.0279227 0.037353 17.3358
341 0.0264942 0.0395802 17.4019
342 0.0316047 0.0415225 17.4751
343 0.0283075 0.0373688 17.5409
344 0.0310041 0.0378802 17.6098
345 0.0269113 0.0378211 17.6746
346 0.0274514 0.066183 17.7683
347 0.0304474 0.0406909 17.8395
348 0.0301292 0.0376663 17.9074
349 0.0291212 0.0377355 17.9743
350 0.0283739 0.0379861 18.0407
351 0.0293924 0.0388834 18.109
352 0.0282758 0.047095 18.1846
353 0.0361782 0.038118 18.2589
354 0.0294317 0.0410745 18.3295
355 0.0346918 0.0426167 18.4069
356 0.0317128 0.0401372 18.4788
357 0.0323602 0.0401786 18.5514
358 0.0328771 0.0427 18.6271
359 0.0322237 0.0401291 18.6997
360 0.0354194 0.0450669 18.7803
361 0.0320386 0.0402265 18.8526
362 0.0326289 0.0390213 18.9243
363 0.0325622 0.0464534 19.0033
364 0.0339019 0.0422371 19.0795
365 0.0319228 0.043072 19.1546
366 0.0318047 0.0385419 19.225
367 0.0320268 0.0405062 19.2977
368 0.0373768 0.040225 19.3754
369 0.0335083 0.0409911 19.4499
370 0.03511 0.0382847 19.5234
371 0.0332895 0.0387028 19.5955
372 0.033637 0.04279 19.672
373 0.0332506 0.0438188 19.7491
374 0.0375484 0.039961 19.8267
375 0.0337992 0.0389933 19.8996
376 0.0353735 0.0394404 19.9744
377 0.0340733 0.0385427 20.0471
378 0.0349311 0.0385259 20.1206
379 0.0349385 0.0408151 20.1964
380 0.0463352 0.0474638 20.2903
381 0.0366277 0.0388122 20.3658
382 0.0372794 0.0398763 20.443
383 0.0353108 0.0427706 20.5212
384 0.0358925 0.0492814 20.6064
385 0.0417775 0.0499521 20.6982
386 0.050378 0.047564 20.7963
387 0.0376615 0.0518455 20.8859
388 0.0418412 0.0515679 20.9794
389 0.0376218 0.0516243 21.0687
390 0.0466029 0.0455859 21.1609
391 0.0406764 0.0580469 21.2597
392 0.0480342 0.0534684 21.3613
393 0.045377 0.0425348 21.4493
394 0.0441614 0.131487 21.6252
395 0.054306 0.0395171 21.7191
396 0.0415922 0.0393392 21.8001
397 0.0385012 0.0479447 21.8866
398 0.0393874 0.0432862 21.9693
399 0.0401401 0.0411791 22.0507
400 0.0432796 0.039369 22.1334
401 0.0389438 0.0401228 22.2125
402 0.0708855 0.107758 22.3912
403 0.0417651 0.0444585 22.4775
404 0.0426338 0.0401892 22.5604
405 0.0409554 0.0394686 22.6409
406 0.0411326 0.0447896 22.7269
407 0.0406154 0.0448359 22.8124
408 0.0435532 0.040668 22.8967
409 0.0412629 0.0409797 22.979
410 0.0417283 0.0392068 23.06
411 0.0415397 0.0393472 23.1409
412 0.0422275 0.039613 23.2228
413 0.0567765 0.0598192 23.3395
414 0.0560777 0.0465941 23.4422
415 0.0422028 0.042888 23.5274
416 0.0424902 0.0462382 23.6162
417 0.0446004 0.0401473 23.7011
418 0.0463199 0.0503546 23.7978
419 0.0458446 0.043068 23.8868
420 0.0450011 0.0411092 23.973
421 0.0459935 0.0426203 24.0617
422 0.048476 0.0416336 24.1519
423 0.0464871 0.0490997 24.2475
424 0.0492393 0.0415846 24.3384
425 0.0506704 0.045769 24.4349
426 0.0471011 0.0405711 24.5227
427 0.0453834 0.040251 24.6083
428 0.0446575 0.0404324 24.6935
429 0.0515271 0.0492171 24.7943
430 0.0505517 0.0404538 24.8854
431 0.0462175 0.0402093 24.9719
432 0.0455656 0.0420522 25.0596
433 0.0461951 0.0403214 25.1462
434 0.0459458 0.0463227 25.2386
435 0.0664907 0.0434543 25.3486
436 0.0535598 0.0529501 25.4552
437 0.0475813 0.0409843 25.5438
438 0.047669 0.041014 25.6326
439 0.0491202 0.0404889 25.7222
440 0.0483482 0.0410498 25.8117
441 0.0573265 0.0459208 25.915
442 0.0554068 0.0437314 26.0142
443 0.0510234 0.0405842 26.1059
444 0.0471829 0.0405296 26.1936
445 0.0490767 0.040547 26.2834
446 0.0520126 0.0446276 26.3801
447 0.0516705 0.0468859 26.4787
448 0.0494127 0.046631 26.5749
449 0.051846 0.0414198 26.6683
450 0.0493338 0.0410787 26.7587
451 0.0513712 0.0463377 26.8565
452 0.0503253 0.0415688 26.9485
453 0.0519606 0.0406145 27.0411
454 0.0535354 0.0408181 27.1355
455 0.049937 0.0413269 27.2268
456 0.0515841 0.042668 27.3212
457 0.0579151 0.0436055 27.4229
458 0.0544761 0.0469046 27.5243
459 0.0538884 0.0425632 27.6208
460 0.0530877 0.0441957 27.7181
461 0.0540143 0.0450789 27.8173
462 0.0618361 0.0440126 27.9232
463 0.0534141 0.0412989 28.018
464 0.0548141 0.0413206 28.1142
465 0.0525973 0.0414905 28.2083
466 0.0524775 0.042095 28.3029
467 0.0588354 0.043512 28.4053
468 0.0561751 0.0436702 28.5052
469 0.0570346 0.0434955 28.6058
470 0.0553766 0.0431962 28.7045
471 0.0620033 0.0438712 28.8104
472 0.0625897 0.0436578 28.9167
473 0.0539177 0.0422929 29.013
474 0.0527455 0.0459912 29.1118
475 0.0536034 0.0416678 29.2071
476 0.0537131 0.0414581 29.3024
477 0.0675233 0.0550575 29.425
478 0.0599508 0.0428667 29.5279
479 0.0541034 0.0484845 29.6305
480 0.0565524 0.0496575 29.7369
481 0.0583214 0.0416946 29.837
482 0.0639234 0.043878 29.9448
483 0.0537716 0.0421843 30.0408
484 0.0547675 0.0463521 30.142
485 0.0537909 0.0415929 30.2375
486 0.0657542 0.0434658 30.3467
487 0.0545548 0.0426449 30.444
488 0.0568526 0.0422053 30.5431
489 0.054537 0.0423731 30.6401
490 0.0549415 0.0423079 30.7374
491 0.0602448 0.043975 30.8417
492 0.0587548 0.0444175 30.9449
493 0.0701093 0.0425849 31.0577
494 0.0541313 0.0409577 31.1528
495 0.0553676 0.0421904 31.2505
496 0.0536298 0.0417185 31.3459
497 0.0539694 0.0437273 31.4436
498 0.0623822 0.0445506 31.5507
499 0.056274 0.0441875 31.6512
500 0.0613428 0.0434433 31.756
501 0.0639025 0.0443907 31.8644
502 0.0606146 0.0478834 31.9729
503 0.0562289 0.0418336 32.0711
504 0.0530504 0.0416078 32.1658
505 0.0543956 0.044449 32.2647
506 0.0536763 0.0417332 32.3602
507 0.0536807 0.0569909 32.4709
508 0.0575817 0.0426038 32.5711
509 0.0531119 0.0421448 32.6665
510 0.0538976 0.0459803 32.7664
511 0.0530712 0.0419437 32.8615
512 0.0567031 0.0486749 32.967
513 0.0560248 0.0424578 33.0655
514 0.0526088 0.0421536 33.1604
515 0.0528795 0.0424323 33.2557
516 0.0558345 0.0417317 33.3534
517 0.0572018 0.0449269 33.4556
518 0.0590208 0.0514329 33.5661
519 0.0550239 0.0414531 33.6627
520 0.0516822 0.0498072 33.7642
521 0.0551039 0.0412262 33.8607
522 0.050949 0.0414227 33.9531
523 0.0543404 0.0655755 34.0732
524 0.0545734 0.0428198 34.1706
525 0.0533563 0.0442418 34.2683
526 0.0635321 0.0453785 34.3772
527 0.0530811 0.0413103 34.4717
528 0.0522033 0.0416719 34.5656
529 0.0513957 0.04062 34.6577
530 0.0491849 0.0408586 34.7478
531 0.0515671 0.0469568 34.8464
532 0.0535851 0.0428259 34.9429
533 0.0522185 0.0500128 35.0452
534 0.0529366 0.0419519 35.1402
535 0.0495347 0.0416459 35.2314
536 0.0496715 0.0410492 35.3222
537 0.0501815 0.0583224 35.4307
538 0.0653571 0.0608607 35.5571
539 0.0505764 0.0482795 35.656
540 0.0499317 0.0433275 35.7493
541 0.0513792 0.0438481 35.8446
542 0.0551187 0.042408 35.9422
543 0.051584 0.0428734 36.0367
544 0.050803 0.0487891 36.1364
545 0.054308 0.0435281 36.2343
546 0.0505086 0.0424619 36.3274
547 0.0572617 0.0502993 36.4351
548 0.0539739 0.0434581 36.5326
549 0.0466623 0.0401853 36.6195
550 0.0463729 0.0402188 36.7061
551 0.0470445 0.0407669 36.794
552 0.0486327 0.0465983 36.8893
553 0.0555371 0.0418885 36.9868
554 0.053753 0.0462334 37.0868
555 0.0469156 0.0406197 37.1744
556 0.045621 0.0412833 37.2614
557 0.0470026 0.0405452 37.349
558 0.0452008 0.0404328 37.4347
559 0.0532162 0.0427907 37.5308
560 0.0461299 0.0408067 37.6178
561 0.0455121 0.0405911 37.7039
562 0.0449315 0.0406635 37.7896
563 0.0454555 0.044608 37.8797
564 0.0469714 0.0404145 37.9672
565 0.0485972 0.0398375 38.0557
566 0.0437154 0.0398186 38.1393
567 0.0435533 0.0400223 38.2229
568 0.044027 0.0409408 38.308
569 0.0432563 0.0441596 38.3956
570 0.0479034 0.0422168 38.4857
571 0.0555063 0.0421421 38.5834
572 0.0442883 0.0400331 38.6678
573 0.0426201 0.0491118 38.7596
574 0.0445359 0.0398262 38.844
575 0.041807 0.0406517 38.9266
576 0.0417014 0.0509402 39.0193
577 0.0476772 0.042769 39.1099
578 0.0503683 0.0407492 39.2011
579 0.042632 0.0404889 39.2843
580 0.0420405 0.0398432 39.3662
581 0.0416197 0.040475 39.4484
582 0.0423554 0.0393204 39.5301
583 0.0461903 0.0410388 39.6174
584 0.0472084 0.0407175 39.7054
585 0.0426158 0.0437156 39.7918
586 0.0434271 0.0415565 39.877
587 0.0430058 0.0419824 39.962
588 0.0426049 0.0424003 40.0471
589 0.0430444 0.0417803 40.132
590 0.0440312 0.0418369 40.218
591 0.0429548 0.0411309 40.3021
592 0.0433874 0.0408305 40.3864
593 0.0428778 0.0410991 40.4704
594 0.0413619 0.046689 40.5585
595 0.0451607 0.0429254 40.6467
596 0.0416828 0.0398325 40.7284
597 0.0399416 0.0392634 40.8076
598 0.0393744 0.0401763 40.8872
599 0.0393534 0.040825 40.9675
600 0.0402832 0.0437559 41.0516
601 0.0408891 0.0422733 41.1348
602 0.0423223 0.0463739 41.2236
603 0.0490891 0.0390257 41.3118
604 0.0375755 0.0400864 41.3895
605 0.0384371 0.0423243 41.4703
606 0.0395181 0.0395864 41.5495
607 0.0379182 0.0406785 41.6282
608 0.0412392 0.0518546 41.7214
609 0.0419524 0.0438111 41.8072
610 0.0415348 0.0399024 41.8887
611 0.0382806 0.03871 41.9658
612 0.0373962 0.0391799 42.0424
613 0.0370255 0.0393032 42.1188
614 0.0387859 0.0393455 42.197
615 0.0372156 0.03949 42.2738
616 0.0465733 0.0489871 42.3694
617 0.0458704 0.0407082 42.4561
618 0.0381934 0.0388801 42.5332
619 0.0365776 0.0389187 42.6088
620 0.0356095 0.039534 42.684
621 0.0367508 0.0383301 42.7591
622 0.0407734 0.0507338 42.8507
623 0.0364375 0.0453133 42.9326
624 0.0379862 0.0480958 43.0187
625 0.0373881 0.0413194 43.0975
626 0.0365166 0.0393556 43.1735
627 0.0374072 0.0387765 43.2497
628 0.0356458 0.0389433 43.3244
629 0.0339608 0.0386727 43.3971
630 0.0345569 0.0389608 43.4706
631 0.0380906 0.042449 43.5512
632 0.0355355 0.0425696 43.6294
633 0.0405669 0.0429691 43.713
634 0.0409792 0.0393876 43.7935
635 0.0339224 0.0389244 43.8664
636 0.0343739 0.0450369 43.9458
637 0.0385822 0.0393253 44.0238
638 0.0326947 0.0382021 44.0949
639 0.0338213 0.0432719 44.172
640 0.0346508 0.0504152 44.2573
641 0.0361719 0.0401325 44.3336
642 0.0351527 0.040421 44.4093
643 0.0347834 0.0401682 44.4843
644 0.0354202 0.04144 44.5612
645 0.0354876 0.0402563 44.637
646 0.0333263 0.0400267 44.7105
647 0.0335715 0.0432387 44.7873
648 0.0327968 0.0398075 44.86
649 0.0336205 0.0407585 44.9345
650 0.033216 0.0462326 45.014
651 0.0347333 0.0421926 45.091
652 0.0313342 0.0389625 45.1614
653 0.0306712 0.0390952 45.2312
654 0.0333212 0.0391445 45.3037
655 0.0308576 0.0378195 45.3725
656 0.0307422 0.0389479 45.4422
657 0.0296142 0.0471516 45.519
658 0.0386857 0.0387416 45.5965
659 0.0302372 0.0380965 45.6649
660 0.0306175 0.0383144 45.7339
661 0.0309338 0.0389426 45.8038
662 0.0300706 0.0386274 45.8726
663 0.0295005 0.0382963 45.9405
664 0.0300054 0.0441719 46.0147
665 0.0312951 0.0392814 46.0853
666 0.0305677 0.0393752 46.1553
667 0.0301788 0.039713 46.2253
668 0.0365585 0.0430362 46.305
669 0.0313283 0.0381076 46.3745
670 0.0289769 0.0390307 46.4426
671 0.0302721 0.0394122 46.5123
672 0.0282472 0.0466918 46.5874
673 0.0301824 0.0379273 46.6556
674 0.0280346 0.042653 46.7263
675 0.0285645 0.0394848 46.7944
676 0.0269446 0.0395323 46.861
677 0.0269528 0.0382177 46.9262
678 0.0276591 0.0382638 46.9922
679 0.0271921 0.0379201 47.0574
680 0.0272633 0.0380175 47.1227
681 0.0278104 0.038009 47.1886
682 0.0308029 0.0417519 47.2612
683 0.0361969 0.0913954 47.3889
684 0.0278291 0.0432696 47.46
685 0.03041 0.0432737 47.5338
686 0.0295369 0.0385733 47.602
687 0.027141 0.0379507 47.6672
688 0.0254741 0.0401573 47.7328
689 0.0248972 0.0399607 47.7978
690 0.0250221 0.0389926 47.8618
691 0.0279528 0.0376422 47.9275
692 0.0247565 0.0435375 47.9959
693 0.0254732 0.0405793 48.062
694 0.0251774 0.0402381 48.1274
695 0.0258779 0.0399431 48.1934
696 0.0270211 0.0461142 48.2666
697 0.0263277 0.0402983 48.3333
698 0.0239006 0.0397058 48.397
699 0.0276828 0.0389821 48.4637
700 0.0242649 0.0383699 48.5264
701 0.0242103 0.0384197 48.5891
702 0.0261563 0.0383838 48.6537
703 0.0246077 0.0391991 48.7176
704 0.036092 0.0475188 48.8013
705 0.0268894 0.0413659 48.8696
706 0.0262477 0.041166 48.9371
707 0.0316227 0.0419349 49.0108
708 0.0237991 0.0376917 49.0724
709 0.0236455 0.037154 49.1332
710 0.0218604 0.0386365 49.1938
711 0.0229085 0.037267 49.254
712 0.023654 0.038063 49.3158
713 0.0217594 0.0388648 49.3765
714 0.0228825 0.0421133 49.4417
715 0.026304 0.0434268 49.5115
716 0.0246393 0.0396759 49.5759
717 0.0231759 0.0380853 49.6372
718 0.0217342 0.0384419 49.6974
719 0.0205157 0.0384818 49.7565
720 0.0233169 0.0380171 49.8179
721 0.0206256 0.0391265 49.8777
722 0.0218636 0.0377122 49.9374
723 0.0210106 0.040562 49.999
724 0.0249043 0.0415199 50.0655
725 0.0210038 0.0404582 50.127
726 0.0225838 0.0389043 50.1886
727 0.0232946 0.0397731 50.2517
728 0.0202342 0.0399869 50.312
729 0.0215591 0.0384651 50.3721
730 0.0222327 0.039355 50.4337
731 0.0201398 0.0493668 50.5033
732 0.0207869 0.0416902 50.5659
733 0.0208302 0.0438566 50.6306
734 0.0215429 0.0397089 50.6919
735 0.0210408 0.0389631 50.752
736 0.0193036 0.0466616 50.8181
737 0.0195279 0.0412813 50.879
738 0.0194135 0.0371672 50.9356
739 0.0182194 0.0388927 50.9928
740 0.0201956 0.0438288 51.0569
741 0.0227767 0.0399253 51.1196
742 0.0194532 0.0404435 51.1796
743 0.019524 0.0378355 51.237
744 0.0180787 0.0381338 51.2933
745 0.0192121 0.0373805 51.35
746 0.0179725 0.0388866 51.4069
747 0.0178684 0.0395553 51.4644
748 0.0234878 0.0416383 51.5296
749 0.0215528 0.0616667 51.6132
750 0.0211299 0.0442055 51.6787
751 0.0192183 0.0389429 51.7369
752 0.0182924 0.0411597 51.7964
753 0.0226423 0.0412388 51.8603
754 0.0198955 0.0390747 51.9194
755 0.0178756 0.0396342 51.977
756 0.0179194 0.0460537 52.041
757 0.023905 0.0410027 52.106
758 0.0156165 0.0388354 52.1605
759 0.0175685 0.0384915 52.2166
760 0.0158694 0.0395183 52.2721
761 0.0161979 0.0412739 52.3296
762 0.0192389 0.0395162 52.3885
763 0.0165469 0.0399782 52.4451
764 0.0182609 0.038725 52.5021
765 0.015829 0.0390104 52.557
766 0.0160367 0.0433091 52.6164
767 0.0208537 0.0439731 52.6813
768 0.0157937 0.0462277 52.7435
769 0.0183104 0.0384514 52.8003
770 0.015555 0.0380326 52.854
771 0.0152887 0.038191 52.9075
772 0.0151345 0.0391714 52.9619
773 0.0165065 0.036957 53.0154
774 0.0148248 0.0387848 53.0691
775 0.0148031 0.0392807 53.1232
776 0.0174687 0.0417909 53.1826
777 0.0153154 0.0395081 53.2375
778 0.0152815 0.0402203 53.2931
779 0.0169297 0.0398082 53.3499
780 0.0150507 0.0397213 53.4047
781 0.0152577 0.041534 53.4616
782 0.0183599 0.04376 53.5239
783 0.0172734 0.0416678 53.5829
784 0.0139983 0.039895 53.6368
785 0.014014 0.0375445 53.6885
786 0.014244 0.0430688 53.7459
787 0.0180504 0.0380465 53.802
788 0.0143325 0.0384989 53.8549
789 0.0139416 0.038537 53.9075
790 0.0137884 0.0391028 53.9605
791 0.0136716 0.0435887 54.0178
792 0.014335 0.039921 54.0721
793 0.0142447 0.0417109 54.1281
794 0.016251 0.0397289 54.1842
795 0.0139327 0.0401811 54.2384
796 0.0141805 0.0399807 54.2926
797 0.013785 0.0402545 54.3467
798 0.0153453 0.0389104 54.4011
799 0.0140199 0.0395619 54.4547
800 0.0140694 0.0552044 54.5241
801 0.0166256 0.0455762 54.5864
802 0.0140528 0.0449668 54.6454
803 0.0167359 0.0387461 54.701
804 0.0134316 0.0414967 54.756
805 0.0144554 0.0410631 54.8116
806 0.0183472 0.0482779 54.8783
807 0.0150061 0.0403327 54.9337
808 0.0134973 0.0395647 54.9868
809 0.0125877 0.0388628 55.0383
810 0.0124161 0.0378442 55.0886
811 0.0119961 0.0380547 55.1387
812 0.0116687 0.04109 55.1915
813 0.0118813 0.0384532 55.242
814 0.011706 0.0382197 55.2919
815 0.0117769 0.0421648 55.3459
816 0.0159242 0.0389917 55.4009
817 0.0127625 0.0398145 55.4536
818 0.0124365 0.0402081 55.5063
819 0.0124527 0.0403824 55.5592
820 0.0127292 0.0410239 55.613
821 0.0111364 0.0427796 55.667
822 0.0133303 0.0398389 55.7202
823 0.0123851 0.039223 55.7719
824 0.0127196 0.0393672 55.8241
825 0.0118101 0.0402389 55.8762
826 0.0116398 0.0408324 55.9287
827 0.0104909 0.0416453 55.9809
828 0.009635 0.0409643 56.0316
829 0.0090827 0.0415351 56.0823
830 0.0107609 0.0409208 56.134
831 0.0113354 0.0386657 56.1841
832 0.0102375 0.0492214 56.2437
833 0.0117556 0.0437331 56.2993
834 0.0123261 0.0399692 56.3516
835 0.0120397 0.0394263 56.4033
836 0.0097494 0.0410403 56.4541
837 0.0097174 0.0405167 56.5044
838 0.0138279 0.043961 56.5623
839 0.0102086 0.0426763 56.6153
840 0.0089472 0.0425798 56.6668
841 0.0090391 0.0403119 56.7163
842 0.0090285 0.0420716 56.7674
843 0.0089525 0.0394876 56.8159
844 0.0106101 0.03931 56.8659
845 0.0094841 0.0389882 56.9144
846 0.008498 0.0391409 56.9621
847 0.0083968 0.0384231 57.009
848 0.0129046 0.0420954 57.0641
849 0.0094137 0.0425554 57.1161
850 0.0088306 0.0404141 57.1654
851 0.0084475 0.0412481 57.2152
852 0.0081047 0.0475424 57.2709
853 0.0121114 0.0398171 57.3229
854 0.0088704 0.0417863 57.3736
855 0.0078017 0.0389989 57.4204
856 0.0084036 0.0443969 57.4733
857 0.0077922 0.0382432 57.5194
858 0.0083717 0.0390406 57.5669
859 0.0080164 0.0397646 57.6147
860 0.0076375 0.0392038 57.6616
861 0.0074702 0.0396695 57.7088
862 0.0078046 0.0396802 57.7564
863 0.0122571 0.0457763 57.8145
864 0.0109583 0.0493983 57.8752
865 0.0092932 0.0409169 57.9255
866 0.0071183 0.0395389 57.9722
867 0.0077398 0.0389818 58.019
868 0.007795 0.0391395 58.066
869 0.0068759 0.0406247 58.1136
870 0.0063308 0.0394042 58.1594
871 0.006376 0.0387244 58.2045
872 0.0069502 0.0393617 58.2509
873 0.0059465 0.0389506 58.2959
874 0.0076832 0.0457933 58.3494
875 0.0060467 0.0413904 58.3969
876 0.0060196 0.0400064 58.443
877 0.0068393 0.0399218 58.4898
878 0.0071912 0.0401221 58.5372
879 0.0072571 0.0463556 58.5909
880 0.0074853 0.0415036 58.6401
881 0.0064723 0.0411621 58.6878
882 0.0064712 0.0392506 58.7336
883 0.00974 0.0437904 58.7872
884 0.0063449 0.0396214 58.8332
885 0.0064837 0.0390221 58.8788
886 0.004914 0.0384343 58.9222
887 0.0059968 0.0388038 58.967
888 0.0043222 0.0388395 59.0103
889 0.0048897 0.0377548 59.053
890 0.004457 0.0455541 59.103
891 0.0052155 0.0398331 59.1482
892 0.004554 0.0409764 59.1937
893 0.0045597 0.0458264 59.2442
894 0.0053077 0.0398321 59.2894
895 0.0046311 0.0382814 59.3324
896 0.0042578 0.0459187 59.3827
897 0.0039154 0.0403851 59.427
898 0.0036825 0.0389736 59.4697
899 0.0042634 0.03769 59.5118
900 0.0040336 0.0392497 59.5551
901 0.0044235 0.0388587 59.5985
902 0.0037196 0.0379237 59.6402
903 0.004337 0.0381611 59.6827
904 0.0033042 0.0392706 59.7253
905 0.0055484 0.0429569 59.7739
906 0.0045717 0.0402779 59.8188
907 0.0033513 0.0405713 59.8628
908 0.0051761 0.039804 59.9079
909 0.004307 0.0395719 59.9518
910 0.0033929 0.0405287 59.9958
911 0.003147 0.0393915 60.0384
912 0.0042194 0.0393454 60.0821
913 0.0028092 0.0390535 60.124
914 0.0038424 0.0426398 60.1706
915 0.0028799 0.0432127 60.2168
916 0.002812 0.0405902 60.2602
917 0.0030097 0.0383694 60.3017
918 0.0028849 0.0535834 60.3582
919 0.0037998 0.0399382 60.4021
920 0.0028852 0.0376776 60.4427
921 0.0027126 0.0386347 60.4841
922 0.0021856 0.0375129 60.5239
923 0.002351 0.0379888 60.5643
924 0.0028007 0.0387215 60.6059
925 0.00268 0.0380593 60.6466
926 0.0024606 0.0478651 60.697
927 0.0022117 0.0399512 60.7393
928 0.0033413 0.0479716 60.7907
929 0.0035602 0.0409995 60.8353
930 0.0017074 0.0420675 60.8791
931 0.0020893 0.04344 60.9247
932 0.0025793 0.0394171 60.9668
933 0.0023964 0.0401225 61.0094
934 0.0021352 0.0388151 61.0505
935 0.0021217 0.0390961 61.0918
936 0.0024354 0.0408953 61.1352
937 0.0016665 0.0397686 61.1767
938 0.0022401 0.0388175 61.2178
939 0.0013364 0.0396526 61.2589
940 0.0017964 0.038549 61.2993
941 0.0014887 0.0395593 61.3404
942 0.002503 0.0397475 61.3827
943 0.0015912 0.0394053 61.4238
944 0.002395 0.0489638 61.4752
945 0.001563 0.0385482 61.5154
946 0.0010402 0.0370144 61.5535
947 0.001242 0.0379224 61.5928
948 0.0013077 0.0378713 61.632
949 0.0014082 0.0387847 61.6722
950 0.0011573 0.0383479 61.7118
951 0.0013338 0.0395567 61.7528
952 0.0012533 0.0378619 61.792
953 0.0011339 0.0374811 61.8307
954 0.000747501 0.0380121 61.8695
955 0.0007518 0.0384846 61.9088
956 0.0009489 0.0380527 61.9478
957 0.0009309 0.0427881 61.9916
958 0.001123 0.0382721 62.0311
959 0.0013682 0.0470479 62.0795
960 0.0012385 0.0482659 62.1292
961 0.0013579 0.0418813 62.1725
962 0.000934601 0.0383208 62.2118
963 0.0006087 0.0376872 62.2502
964 0.000543 0.0373674 62.2882
965 0.0006668 0.0379528 62.3269
966 0.0008311 0.0380581 62.3658
967 0.001005 0.0385094 62.4054
968 0.0007803 0.037999 62.4442
969 0.0007726 0.0383542 62.4834
970 0.0006568 0.0377987 62.5219
971 0.000486801 0.0426476 62.5651
972 0.000719801 0.0396592 62.6055
973 0.0008112 0.0403482 62.6468
974 0.0011106 0.0400975 62.6881
975 0.0007506 0.0420383 62.7309
976 0.0011267 0.0406632 62.7728
977 0.0006905 0.04078 62.8143
978 0.0007774 0.0401799 62.8553
979 0.0004092 0.0459935 62.9018
980 0.0004302 0.042161 62.9444
981 0.000596 0.0390437 62.9841
982 0.000694 0.0383043 63.0232
983 0.0008752 0.0379025 63.062
984 0.000720101 0.0381697 63.101
985 0.0009878 0.0376001 63.1397
986 0.0006681 0.0381966 63.1786
987 0.0006417 0.0402638 63.2195
988 0.000396801 0.037942 63.2579
989 0.0002717 0.0372897 63.2956
990 0.0005012 0.0394053 63.3355
991 0.0006335 0.037336 63.3736
992 0.0012307 0.0491681 63.4242
993 0.0011319 0.0411527 63.4667
994 0.000771001 0.041612 63.5092
995 0.0005911 0.0436 63.5535
996 0.0004468 0.0390384 63.5931
997 0.0010016 0.0400712 63.6342
998 0.0011112 0.0471975 63.6826
999 0.0007821 0.039072 63.7225
1000 0.0006474 0.0476177 63.7709
1001 0.0008058 0.038563 63.8103
1002 0.0006677 0.0375717 63.8486
1003 0.000651201 0.0375406 63.8868
1004 0.0003167 0.0384787 63.9257
1005 0.0003506 0.038252 63.9644
1006 0.0004854 0.0380445 64.0029
1007 0.0006977 0.0378948 64.0416
1008 0.000831 0.0395827 64.0821
1009 0.0008042 0.0426974 64.1256
1010 0.000819 0.0397783 64.1663
1011 0.0006464 0.0387157 64.2057
1012 0.0009213 0.0388362 64.2456
1013 0.0003276 0.0384712 64.2844
1014 0.0004079 0.0379975 64.3229
1015 0.0004936 0.0382454 64.3617
1016 0.0006133 0.0376188 64.4
1017 0.0008004 0.0378647 64.4387
1018 0.0005965 0.0384407 64.4778
1019 0.0009199 0.0373812 64.5161
1020 0.0003385 0.0371914 64.5537
1021 0.0004445 0.0422001 64.5964
1022 0.0005007 0.0436013 64.6406
1023 0.0012883 0.0395718 64.6815
1024 0.0007972 0.0491356 64.7315
1025 0.0006613 0.0443994 64.7767
1026 0.0007533 0.0391894 64.8166
1027 0.0006422 0.0393927 64.8567
1028 0.0006297 0.044985 64.9024
1029 0.000311 0.0395595 64.9423
1030 0.0004028 0.0386749 64.9815
1031 0.0004637 0.0387239 65.0207
1032 0.0006164 0.0378397 65.0593
1033 0.0008099 0.0396526 65.0998
1034 0.0008915 0.0398079 65.1406
1035 0.0008541 0.0375878 65.1791
1036 0.0006645 0.0380033 65.2178
1037 0.0006588 0.037822 65.2563
1038 0.0003103 0.0382517 65.295
1039 0.0003961 0.0378371 65.3334
1040 0.0005267 0.0379634 65.3719
1041 0.0008655 0.0459557 65.4188
1042 0.0007867 0.0475089 65.4671
1043 0.0008666 0.0409964 65.5091
1044 0.0006279 0.0503398 65.5601
1045 0.000571 0.0600977 65.6209
1046 0.0006877 0.0677786 65.6894
1047 0.0006133 0.0464977 65.7366
1048 0.0006702 0.0388131 65.7761
1049 0.0008401 0.038691 65.8157
1050 0.0006716 0.0377611 65.8542
1051 0.0008254 0.0393967 65.8945
1052 0.0007382 0.0375993 65.9329
1053 0.0006288 0.0434041 65.977
1054 0.000321001 0.0389034 66.0163
1055 0.000287301 0.0388508 66.0555
1056 0.000512501 0.0472588 66.1034
1057 0.0006783 0.0422645 66.1464
1058 0.0011681 0.0406857 66.1884
1059 0.0007126 0.0409744 66.2301
1060 0.0010919 0.0398595 66.2712
1061 0.0006205 0.0401531 66.312
1062 0.0008011 0.0396841 66.3526
1063 0.0004251 0.0399146 66.393
1064 0.0005881 0.0407804 66.4344
1065 0.0004768 0.0448579 66.4798
1066 0.0007958 0.0467433 66.5274
1067 0.000772401 0.0396071 66.5679
1068 0.000615 0.0401783 66.6087
1069 0.0009053 0.0388167 66.6486
1070 0.0003454 0.0446068 66.6936
1071 0.00034 0.0405238 66.7345
1072 0.0006869 0.0405162 66.7758
1073 0.0006012 0.0376708 66.8141
1074 0.0008098 0.0378388 66.8528
1075 0.000604401 0.0372114 66.8907
1076 0.0009468 0.0380418 66.9297
1077 0.0007183 0.0437984 66.9743
1078 0.0006225 0.037671 67.0127
1079 0.0004061 0.0369278 67.0501
1080 0.0003147 0.0378253 67.0883
1081 0.0004936 0.0385847 67.1274
1082 0.0006171 0.0371948 67.1653
1083 0.0008042 0.04037 67.2065
1084 0.0006007 0.037831 67.245
1085 0.0007783 0.0378165 67.2837
1086 0.0006522 0.0373537 67.3217
1087 0.000591 0.0375771 67.36
1088 0.0003476 0.0455307 67.406
1089 0.0001909 0.0398215 67.446
1090 0.0004824 0.0384261 67.485
1091 0.0006324 0.037411 67.5231
1092 0.0008767 0.0377903 67.5618
1093 0.0006016 0.0374741 67.6
1094 0.000620001 0.0376971 67.6383
1095 0.0002892 0.0374963 67.6762
1096 0.000339 0.0390639 67.7156
1097 0.0009468 0.0385254 67.7552
1098 0.0006142 0.0378213 67.7937
1099 0.0007661 0.0380844 67.8325
1100 0.0006016 0.0380642 67.8713
1101 0.0008202 0.037668 67.9098
1102 0.0005505 0.0372067 67.9476
1103 0.0006183 0.0368412 67.9852
1104 0.0004233 0.0371056 68.0227
1105 0.0003843 0.0376346 68.0608
1106 0.000504801 0.0379114 68.0993
1107 0.0005826 0.0376551 68.1376
1108 0.0007638 0.0380625 68.1765
1109 0.0005407 0.0374492 68.2145
1110 0.0008079 0.0397486 68.2551
1111 0.0005814 0.0374224 68.2932
1112 0.0007001 0.0372279 68.3312
1113 0.0004965 0.0557285 68.3875
1114 0.0003261 0.0376729 68.4256
1115 0.000418801 0.0381324 68.4642
1116 0.0006079 0.0390309 68.5039
1117 0.0006929 0.0375472 68.5422
1118 0.000564 0.0372867 68.5801
1119 0.0005864 0.0375731 68.6183
1120 0.000298 0.0439005 68.6626
1121 0.0003795 0.0400565 68.7031
1122 0.000458 0.0396613 68.7433
1123 0.000984 0.0461991 68.7905
1124 0.000849901 0.037602 68.829
1125 0.0006027 0.037981 68.8677
1126 0.0007938 0.0377009 68.9062
1127 0.0005732 0.0377744 68.9447
1128 0.0006347 0.037659 68.983
1129 0.0002937 0.0375632 69.0209
1130 0.0002659 0.0378231 69.0591
1131 0.0004181 0.0489468 69.1085
1132 0.0008011 0.0459481 69.1553
1133 0.000791001 0.038013 69.1942
1134 0.0005979 0.037647 69.2325
1135 0.0005863 0.0401713 69.2733
1136 0.0003549 0.0396978 69.3134
1137 0.0003461 0.037529 69.3514
1138 0.0004398 0.0381434 69.39
1139 0.0009172 0.0372425 69.4282
1140 0.0007729 0.037998 69.4671
1141 0.0006541 0.0378191 69.5056
1142 0.000767 0.0379073 69.5444
1143 0.0006074 0.0376746 69.5827
1144 0.000586901 0.0375517 69.6209
1145 0.0003694 0.037564 69.6589
1146 0.0004132 0.0372925 69.6967
1147 0.0005012 0.0380431 69.7353
1148 0.0005838 0.0377149 69.7736
1149 0.0012021 0.0410224 69.8159
1150 0.0006 0.037543 69.8541
1151 0.000764 0.0384885 69.8935
1152 0.0006623 0.0429822 69.9372
1153 0.0005869 0.0394852 69.9773
1154 0.0003394 0.0373182 70.0151
1155 0.000286901 0.0378898 70.0533
1156 0.0004222 0.0379091 70.0917
1157 0.0006091 0.0379217 70.1303
1158 0.0007718 0.0373138 70.1684
1159 0.0005911 0.0371888 70.2063
1160 0.0006089 0.0372732 70.2442
1161 0.0005942 0.036952 70.2818
1162 0.000316 0.0373006 70.3195
1163 0.0004569 0.0402771 70.3603
1164 0.0005616 0.0372071 70.3982
1165 0.0007763 0.0381157 70.4372
1166 0.0005608 0.0372039 70.475
1167 0.000769 0.0384972 70.5143
1168 0.0006017 0.0374003 70.5524
1169 0.0006198 0.038097 70.5912
1170 0.0003157 0.0377077 70.6292
1171 0.0003226 0.0374373 70.6671
1172 0.0004696 0.0390964 70.7067
1173 0.0007443 0.0374721 70.745
1174 0.000910601 0.0391334 70.7851
1175 0.0006244 0.0373298 70.8232
1176 0.0007903 0.0386898 70.8627
1177 0.0010298 0.037925 70.9017
1178 0.0005454 0.0369521 70.9393
1179 0.000306 0.0379395 70.9776
1180 0.0001667 0.0380744 71.0159
1181 0.0004187 0.0392283 71.0556
1182 0.0007114 0.043521 71.0999
1183 0.0007494 0.0378936 71.1386
1184 0.0006081 0.0441731 71.1835
1185 0.0006596 0.039079 71.2233
1186 0.0002687 0.0375156 71.2611
1187 0.0002882 0.0371163 71.2986
1188 0.0004954 0.0373527 71.3365
1189 0.0006454 0.0391717 71.3764
1190 0.0010604 0.0399388 71.4175
1191 0.000628001 0.0371557 71.4553
1192 0.0010009 0.0397129 71.4961
1193 0.000615401 0.0377116 71.5345
1194 0.0005742 0.0387097 71.5739
1195 0.0005316 0.0376458 71.6121
1196 0.0003377 0.0377861 71.6503
1197 0.0005223 0.0379623 71.6889
1198 0.0005526 0.0381763 71.7276
1199 0.000768 0.0375899 71.7661
1200 0.0006011 0.0374233 71.8042
1201 0.000795401 0.0376535 71.8427
1202 0.0006131 0.0377668 71.8811
1203 0.0005718 0.0381581 71.9199
1204 0.0002997 0.0375173 71.9578
1205 0.0003467 0.0374491 71.9956
1206 0.0004714 0.0376348 72.0338
1207 0.000537401 0.0373578 72.0718
1208 0.00074 0.0378694 72.1104
1209 0.0005755 0.0373669 72.1484
1210 0.000589201 0.0374893 72.1866
1211 0.0002981 0.0372928 72.2242
1212 0.0003635 0.0377468 72.2624
1213 0.0005008 0.0376157 72.3006
1214 0.0005479 0.0376268 72.3388
1215 0.0007628 0.0373164 72.3769
1216 0.0006129 0.0476048 72.4253
1217 0.0009837 0.0399067 72.4663
1218 0.000552 0.0383614 72.5052
1219 0.0006026 0.0373692 72.5433
1220 0.0002759 0.0380376 72.5816
1221 0.0002677 0.0376766 72.6196
1222 0.0004349 0.0383705 72.6585
1223 0.0006038 0.0376339 72.6968
1224 0.0007467 0.0391277 72.7367
1225 0.0005607 0.0388921 72.7762
1226 0.0008052 0.0380068 72.8151
1227 0.0005862 0.0374908 72.8532
1228 0.000616 0.0374086 72.8913
1229 0.0002731 0.0376408 72.9293
1230 0.0003089 0.0381432 72.9678
