TimeStep Temps_Update Temps_Display Temps_Total
0 0.190393 0.0285878 0.0287637
1 0.0308965 0.00715638 0.138328
2 0.00730028 0.00707818 0.24565
3 0.00720858 0.00754759 0.353431
4 0.00769107 0.00690365 0.460583
5 0.00702363 0.00734897 0.568158
6 0.00746337 0.00650401 0.674891
7 0.00661426 0.00645595 0.781571
8 0.00658039 0.00642821 0.888242
9 0.00652848 0.00641666 0.994882
10 0.00652765 0.00705504 1.10218
11 0.00715458 0.00712116 1.20954
12 0.00746819 0.00701106 1.31705
13 0.00709603 0.00685946 1.42415
14 0.00697518 0.0071212 1.53156
15 0.00721355 0.00697804 1.6388
16 0.00704532 0.00721962 1.74627
17 0.00730736 0.00669572 1.85324
18 0.0067509 0.00702559 1.96052
19 0.00684411 0.00699521 2.06778
20 0.00704651 0.00697384 2.17502
21 0.00698616 0.00698136 2.28224
22 0.00699223 0.00700784 2.38949
23 0.00706589 0.00698282 2.49676
24 0.00700023 0.0069328 2.60396
25 0.00695005 0.00665687 2.71088
26 0.00665135 0.00745847 2.8186
27 0.00746266 0.00674424 2.92561
28 0.00673989 0.00727775 3.03316
29 0.00724704 0.00728412 3.14069
30 0.0072313 0.00726732 3.24821
31 0.00722833 0.00723945 3.35571
32 0.00718761 0.00683891 3.46283
33 0.00677431 0.00678154 3.56986
34 0.00670814 0.00710455 3.67722
35 0.00702746 0.00703963 3.78453
36 0.00658467 0.00726495 3.89206
37 0.00716615 0.00720661 3.99953
38 0.00709823 0.00681887 4.10661
39 0.00672715 0.00685177 4.21374
40 0.00673498 0.00704965 4.32106
41 0.00692392 0.00700607 4.42833
42 0.00687885 0.00703825 4.53565
43 0.00687644 0.00680963 4.6427
44 0.00665039 0.00709956 4.75005
45 0.00694336 0.0069988 4.85732
46 0.00683202 0.00659512 4.96419
47 0.00641038 0.00685761 5.0713
48 0.00667656 0.00705043 5.17862
49 0.00684584 0.0070007 5.28588
50 0.00676594 0.00675971 5.39288
51 0.00651367 0.00693661 5.50007
52 0.00668755 0.00692126 5.60725
53 0.00667035 0.00672679 5.71425
54 0.00648558 0.00690645 5.82143
55 0.00663608 0.00696054 5.92865
56 0.00642057 0.00688333 6.03579
57 0.00656885 0.00691969 6.14296
58 0.00659288 0.00668226 6.24989
59 0.00634117 0.0068545 6.35699
60 0.00651675 0.00708058 6.46433
61 0.006761 0.00702376 6.57164
62 0.00669367 0.00705532 6.67896
63 0.00668393 0.00671398 6.78593
64 0.00634143 0.00682966 6.89302
65 0.00639381 0.00679561 7.00008
66 0.00636857 0.00710459 7.10745
67 0.00667181 0.00695766 7.21467
68 0.00651666 0.00706362 7.32199
69 0.00659729 0.00702017 7.42927
70 0.00656008 0.00708144 7.53663
71 0.00661183 0.00697007 7.64384
72 0.00636991 0.0067536 7.75083
73 0.00590933 0.00704343 7.85813
74 0.00651065 0.00692112 7.9653
75 0.00592352 0.00696449 8.07254
76 0.00640781 0.00697159 8.17976
77 0.00639986 0.00696904 8.28697
78 0.00638953 0.00669645 8.39391
79 0.00613013 0.0069236 8.50111
80 0.00631605 0.00720288 8.60857
81 0.00659606 0.00696129 8.7158
82 0.00633599 0.00692037 8.82296
83 0.00626345 0.00681287 8.93002
84 0.00614246 0.00684262 9.03711
85 0.00616478 0.00722848 9.14459
86 0.00654581 0.00678645 9.25163
87 0.00561204 0.00685924 9.35874
88 0.00616553 0.00704288 9.46607
89 0.00628403 0.00681255 9.57312
90 0.00608624 0.00705536 9.68044
91 0.0063004 0.00662138 9.7873
92 0.00590631 0.00661207 9.89417
93 0.00593151 0.00584988 10.0003
94 0.00519542 0.00567018 10.1062
95 0.0050438 0.00580951 10.2122
96 0.00486123 0.00565228 10.3181
97 0.00506912 0.00541766 10.4238
98 0.00480684 0.00538019 10.5294
99 0.00477295 0.00534077 10.635
100 0.00469093 0.00543363 10.7406
101 0.00480981 0.00527641 10.8461
102 0.0041136 0.00532051 10.9517
103 0.00463782 0.0053132 11.0572
104 0.00460652 0.00523909 11.1627
105 0.00454962 0.00552434 11.2685
106 0.00478489 0.00552426 11.3742
107 0.00476714 0.00541612 11.4799
108 0.00455381 0.0055043 11.5856
109 0.0047455 0.00548599 11.6913
110 0.00470024 0.00534528 11.7969
111 0.00453987 0.00523611 11.9024
112 0.00445373 0.00519374 12.0078
113 0.00436534 0.00517778 12.1132
114 0.00433639 0.00527975 12.2187
115 0.00440473 0.00521126 12.3242
116 0.0043152 0.00517809 12.4296
117 0.00430666 0.00523445 12.535
118 0.00429829 0.00528628 12.6406
119 0.00430237 0.00543903 12.7462
120 0.00446872 0.00540656 12.8518
121 0.00445283 0.00538393 12.9575
122 0.00408033 0.00536529 13.0631
123 0.00432494 0.00536257 13.1687
124 0.00430464 0.00538039 13.2743
125 0.00436474 0.00534722 13.3799
126 0.00428593 0.00558622 13.4857
127 0.0044956 0.00556534 13.5915
128 0.00448489 0.00554139 13.6973
129 0.00441598 0.00565632 13.8032
130 0.00452806 0.00550676 13.9089
131 0.00432656 0.00534817 14.0145
132 0.00415844 0.00561373 14.1204
133 0.00443347 0.00539362 14.226
134 0.00417373 0.00518282 14.3314
135 0.00393016 0.00550981 14.4371
136 0.00424961 0.00540525 14.5428
137 0.00413218 0.00506632 14.6481
138 0.0037669 0.00544069 14.7537
139 0.00413006 0.00538956 14.8593
140 0.00405504 0.00530674 14.9649
141 0.00397975 0.00545919 15.0706
142 0.00406809 0.00538002 15.1762
143 0.00401261 0.00516878 15.2816
144 0.00333686 0.0053929 15.3872
145 0.00369271 0.00541725 15.4929
146 0.00398387 0.00527794 15.5984
147 0.00379709 0.00520578 15.7038
148 0.00373135 0.00538401 15.8094
149 0.00386602 0.00523746 15.9149
150 0.00328426 0.00541591 16.0206
151 0.00361982 0.00547125 16.1263
152 0.00392258 0.00542045 16.2319
153 0.00384324 0.00539067 16.3375
154 0.00379408 0.00515805 16.4429
155 0.0035449 0.00541375 16.5486
156 0.00377351 0.00549507 16.6543
157 0.00380212 0.0054921 16.76
158 0.00362609 0.00545049 16.8657
159 0.00363434 0.00541373 16.9714
160 0.00368623 0.00551183 17.0771
161 0.00374411 0.00545375 17.1828
162 0.00369766 0.00572877 17.2888
163 0.00391704 0.00542103 17.3945
164 0.00365497 0.00554222 17.5002
165 0.00368979 0.00558895 17.606
166 0.00344779 0.00529488 17.7116
167 0.00321643 0.00525796 17.8171
168 0.0034476 0.00556838 17.9229
169 0.00365956 0.00537611 18.0285
170 0.0035165 0.00524506 18.134
171 0.00326702 0.00564574 18.2399
172 0.00367911 0.00565421 18.3457
173 0.00365938 0.00555213 18.4515
174 0.00361931 0.00562097 18.5574
175 0.00326789 0.00561054 18.6632
176 0.00353571 0.00543909 18.7689
177 0.00343491 0.0052629 18.8744
178 0.0032086 0.0056264 18.9803
179 0.00353849 0.00557787 19.0861
180 0.0034052 0.0054519 19.1918
181 0.00340147 0.00546174 19.2975
182 0.00327218 0.00528986 19.403
183 0.00319232 0.00547911 19.5087
184 0.00323222 0.00545603 19.6144
185 0.00346424 0.00546316 19.7201
186 0.00299045 0.00550376 19.8258
187 0.0032989 0.00543539 19.9315
188 0.00309398 0.00535412 20.0371
189 0.00310432 0.00542447 20.1427
190 0.00322674 0.00533399 20.2483
191 0.00299725 0.00550405 20.354
192 0.00323778 0.00553947 20.4598
193 0.00318454 0.00541636 20.5655
194 0.00315359 0.00532736 20.671
195 0.0029227 0.00533929 20.7766
196 0.00301185 0.00553672 20.8824
197 0.00303192 0.0054175 20.988
198 0.00302885 0.0053506 21.0936
199 0.00287664 0.00552202 21.1994
200 0.00305506 0.0054278 21.305
201 0.00286541 0.00556237 21.4108
202 0.00305075 0.00554098 21.5166
203 0.00295232 0.00548896 21.6223
204 0.00302168 0.00528834 21.7279
205 0.00253178 0.00537012 21.8335
206 0.00279366 0.00520259 21.9389
207 0.00265776 0.00560386 22.0448
208 0.00292424 0.00549306 22.1505
209 0.00310801 0.00563215 22.2564
210 0.00296329 0.00543412 22.3621
211 0.0026329 0.00545211 22.4677
212 0.00274619 0.00539213 22.5734
213 0.00273907 0.00542445 22.679
214 0.00225214 0.005411 22.7847
215 0.00266298 0.00531592 22.8902
216 0.00248497 0.00541983 22.9958
217 0.00259328 0.00537927 23.1014
218 0.00247803 0.00544179 23.2071
219 0.00255802 0.00545271 23.3128
220 0.00226143 0.00542231 23.4185
221 0.00250918 0.00541708 23.5241
222 0.00254163 0.00547368 23.6298
223 0.00247705 0.00561714 23.7357
224 0.0026825 0.00555094 23.8415
225 0.00258992 0.00542212 23.9471
226 0.00233042 0.0054026 24.0527
227 0.00240222 0.00533694 24.1583
228 0.00224822 0.00562212 24.2642
229 0.00254277 0.00541314 24.3698
230 0.00242112 0.00552797 24.4756
231 0.00241229 0.00545138 24.5812
232 0.00238553 0.00557164 24.687
233 0.00239897 0.00549718 24.7928
234 0.00239678 0.0054448 24.8984
235 0.00229879 0.00542315 25.0041
236 0.00212988 0.00541794 25.1098
237 0.00196097 0.00547935 25.2155
238 0.00214593 0.00540694 25.3211
239 0.00178978 0.00536938 25.4267
240 0.00220262 0.00534402 25.5323
241 0.00201449 0.00537286 25.6379
242 0.00209809 0.00538894 25.7435
243 0.00193555 0.00549941 25.8492
244 0.00179827 0.00535511 25.9548
245 0.00217756 0.00541571 26.0606
246 0.00203018 0.00540763 26.1662
247 0.00207259 0.00544628 26.2719
248 0.00155569 0.00540903 26.3775
249 0.00162451 0.00532053 26.4831
250 0.00161406 0.00542749 26.5888
251 0.00192001 0.00587184 26.6949
252 0.00226234 0.00551367 26.8006
253 0.00210318 0.00566736 26.9065
254 0.00209936 0.00560123 27.0124
255 0.00197046 0.00554174 27.1181
256 0.00217388 0.00564257 27.224
257 0.00201572 0.00570236 27.3299
258 0.00192931 0.00559655 27.4357
259 0.00198714 0.00538313 27.5414
260 0.00169632 0.00537976 27.647
261 0.00168492 0.00541381 27.7526
262 0.0016096 0.00543717 27.8583
263 0.00169902 0.00538526 27.9639
264 0.00155154 0.00543945 28.0696
265 0.00145347 0.00538204 28.1752
266 0.00146568 0.00548267 28.2809
267 0.00163023 0.00586596 28.387
268 0.00206763 0.00578018 28.493
269 0.00196981 0.00554416 28.5988
270 0.0016913 0.00562366 28.7047
271 0.00168155 0.00556417 28.8105
272 0.00172068 0.00567102 28.9164
273 0.00170568 0.00569333 29.0223
274 0.00166502 0.00553357 29.1281
275 0.00161876 0.00564187 29.234
276 0.00159752 0.00570533 29.3399
277 0.0013236 0.0056918 29.4458
278 0.00190943 0.00556905 29.5516
279 0.00144516 0.00570238 29.6576
280 0.00150484 0.0054686 29.7633
281 0.00138609 0.00569518 29.8692
282 0.00154048 0.00560914 29.975
283 0.00115333 0.00551806 30.0808
284 0.00137359 0.00572224 30.1867
285 0.00102807 0.00560448 30.2926
286 0.00130677 0.00555452 30.3984
287 0.00132653 0.00563888 30.5042
288 0.0013635 0.00568926 30.6102
289 0.00127295 0.00568536 30.7161
290 0.000990802 0.00565762 30.822
291 0.00127438 0.00567775 30.9279
292 0.00124714 0.00551158 31.0336
293 0.00117713 0.00564464 31.1395
294 0.00123306 0.00565983 31.2454
295 0.00110315 0.00554829 31.3512
296 0.00110584 0.00566265 31.4571
297 0.00116662 0.0057321 31.5631
298 0.00107061 0.00554229 31.6689
299 0.0010648 0.00568492 31.7748
300 0.00110976 0.0058124 31.8808
301 0.00115141 0.00580991 31.9869
302 0.00126143 0.00568838 32.0928
303 0.00109654 0.00579944 32.1988
304 0.00112532 0.00611028 32.3052
305 0.00139377 0.00593668 32.4114
306 0.00122925 0.00572484 32.5174
307 0.000990521 0.00571864 32.6233
308 0.000861769 0.00582458 32.7294
309 0.000926381 0.00569922 32.8354
310 0.000746372 0.00574775 32.9414
311 0.000947851 0.00581145 33.0474
312 0.000543712 0.00577056 33.1534
313 0.000841792 0.00582131 33.2595
314 0.00079807 0.00578215 33.3655
315 0.000906693 0.00565929 33.4714
316 0.000708371 0.00572463 33.5773
317 0.000430639 0.00574449 33.6833
318 0.000688974 0.00575057 33.7893
319 0.0005429 0.00563202 33.8952
320 0.000571103 0.0056064 34.001
321 0.000530707 0.00583369 34.1071
322 0.000636617 0.00548013 34.2128
323 0.000394832 0.00590965 34.319
324 0.00072915 0.00570114 34.4249
325 0.000479992 0.00597334 34.5311
326 0.000711948 0.00555806 34.6369
327 9.5159e-05 0.00581597 34.743
328 0.000622369 0.00589648 34.8491
329 0.000660211 0.00590741 34.9553
330 0.000671312 0.0057927 35.0613
331 0.000469142 0.00598067 35.1676
332 0.000547068 0.00549564 35.2733
333 0.000112792 0.00571271 35.3793
334 0.000109245 0.00571428 35.4853
335 0.000323107 0.00550958 35.591
336 9.5169e-05 0.00596929 35.6976
337 0.000503086 0.00596037 35.8038
338 0.000104016 0.00688248 35.911
339 0.00132887 0.0064169 36.0176
340 0.000837173 0.00638527 36.1242
341 0.000814211 0.00554385 36.23
342 9.1242e-05 0.00594233 36.3364
343 0.000228018 0.00590736 36.4425
344 0.000272182 0.00599887 36.5488
345 0.000424858 0.00565666 36.6547
346 8.8676e-05 0.0062497 36.7612
347 0.000320111 0.0062364 36.8677
348 0.000587775 0.00646932 36.9744
349 0.000596641 0.00643059 37.081
350 0.000654981 0.00647759 37.1877
351 0.000609155 0.00640641 37.2944
352 0.000647707 0.00632932 37.4009
353 0.000399681 0.00568166 37.5069
354 9.6441e-05 0.00570735 37.6131
355 9.6481e-05 0.00580793 37.7195
356 9.4869e-05 0.00580927 37.8258
357 9.4548e-05 0.00578166 37.932
358 9.7513e-05 0.00556043 38.038
359 9.558e-05 0.00571281 38.1445
360 9.8635e-05 0.00575225 38.2509
361 0.000103274 0.00577988 38.3574
362 9.7734e-05 0.00558693 38.4636
363 0.000105719 0.00571327 38.5702
364 9.6271e-05 0.00555745 38.6765
365 0.000111409 0.00554621 38.7831
366 9.5199e-05 0.00573085 38.8899
367 0.000101501 0.00573677 38.9964
368 9.7143e-05 0.0055627 39.1028
369 9.8786e-05 0.00571098 39.2096
370 9.3867e-05 0.00571517 39.316
371 0.000458933 0.00555594 39.4235
372 0.000110277 0.00572703 39.5306
373 0.000124644 0.0057685 39.6373
374 0.000110738 0.00558001 39.7439
375 0.000114976 0.00571085 39.8507
376 0.000110277 0.00570295 39.9574
377 0.000112963 0.00571946 40.0642
378 0.000109707 0.0056192 40.1708
379 0.000111409 0.00614028 40.2782
380 0.000118122 0.00594118 40.385
381 0.000118253 0.00572854 40.4916
382 0.000119505 0.00576505 40.5986
383 0.000116479 0.00554222 40.7054
384 0.000116329 0.00560329 40.8125
385 0.000116398 0.00573034 40.9196
386 0.000119545 0.00574096 41.0266
387 0.000126287 0.005716 41.1338
388 0.000120586 0.00573801 41.2409
389 0.000120025 0.00567789 41.3481
390 0.000132359 0.00570182 41.4553
391 0.000127029 0.00569923 41.5626
392 0.000129974 0.00572171 41.6703
393 0.000119796 0.00562996 41.7774
394 0.000115898 0.00565596 41.8845
395 0.000118733 0.00544782 41.9917
396 0.000126397 0.00552421 42.0991
397 0.000117992 0.00559125 42.2069
398 0.000119164 0.00587211 42.3146
399 0.000124715 0.00575608 42.4219
400 0.00012264 0.0058829 42.5311
401 0.000125756 0.00569369 42.6384
402 0.000134112 0.00592114 42.7465
403 0.000126387 0.0056329 42.8543
404 0.000138901 0.00590224 42.9626
405 0.000129323 0.00557092 43.07
406 0.000127058 0.00562373 43.1779
407 0.000129764 0.00561666 43.2855
408 0.000128191 0.00553396 43.3934
409 0.000128231 0.0056504 43.5014
410 0.000133151 0.00558902 43.6094
411 0.000132769 0.00559839 43.7178
412 0.000136767 0.00561347 43.8258
413 0.000137769 0.00550561 43.9337
414 0.000139162 0.00563129 44.042
415 0.000152236 0.00672552 44.1513
416 0.000148919 0.00564068 44.2584
417 0.000140575 0.00561485 44.3668
418 0.000153449 0.00562211 44.475
419 0.000140514 0.00566224 44.5834
420 0.0001439 0.00564259 44.6917
421 0.000153979 0.00565324 44.8001
422 0.000144021 0.00555218 44.9084
423 0.000150673 0.00553669 45.0168
424 0.000148409 0.00564228 45.1254
425 0.00014916 0.00561314 45.2339
426 0.000149621 0.0056031 45.3423
427 0.000150973 0.00564238 45.4509
428 0.000151765 0.00562624 45.5595
429 0.000154069 0.00566212 45.6681
430 0.000154741 0.00559435 45.7768
431 0.000152116 0.00568288 45.8856
432 0.000156414 0.00560741 45.9943
433 0.000158788 0.00565767 46.1033
434 0.000156604 0.00556847 46.212
435 0.000157907 0.00566616 46.321
436 0.000160842 0.00560622 46.4297
437 0.000160452 0.00551642 46.5386
438 0.000163266 0.00562271 46.6478
439 0.000168236 0.00591434 46.7575
440 0.000171502 0.00590921 46.8666
441 0.000176853 0.00571827 46.9755
442 0.000165351 0.00565831 47.0841
443 0.000176221 0.00557816 47.1931
444 0.000170029 0.00566116 47.3023
445 0.000172203 0.00564224 47.4116
446 0.000171583 0.00565555 47.521
447 0.000174578 0.00567375 47.6306
448 0.000164519 0.00573956 47.74
449 0.000172835 0.00550972 47.8489
450 0.000187211 0.00569501 47.9584
451 0.000179026 0.00558207 48.0676
452 0.000178996 0.00564909 48.1771
453 0.000176232 0.00572215 48.2866
454 0.000179146 0.00575891 48.396
455 0.000182433 0.00562438 48.5052
456 0.000182954 0.00563603 48.6146
457 0.000181942 0.00562558 48.724
458 0.000185458 0.00571807 48.8336
459 0.000179668 0.00553908 48.9424
460 0.000182303 0.00567848 49.0521
461 0.000184617 0.00566509 49.1618
462 0.00018632 0.00567191 49.2714
463 0.000185819 0.00560801 49.3809
464 0.00018646 0.00567295 49.4906
465 0.000200938 0.00564321 49.6003
466 0.000189676 0.00568746 49.7101
467 0.000188715 0.00572284 49.8199
468 0.000190768 0.00581822 49.93
469 0.000194174 0.00582711 50.04
470 0.000193062 0.00584247 50.1498
471 0.000195388 0.00591965 50.2597
472 0.000199726 0.00589838 50.3697
473 0.000223019 0.00617464 50.4798
474 0.000199835 0.00582768 50.5892
475 0.000315643 0.00676437 50.7086
476 0.000199656 0.00570033 50.8173
477 0.000198554 0.00554711 50.9269
478 0.000217098 0.00572145 51.0381
479 0.000221716 0.00583036 51.1493
480 0.000200748 0.00590209 51.2594
481 0.00019698 0.00584119 51.3693
482 0.000202461 0.00546933 51.4789
483 0.000217408 0.00554696 51.5892
484 0.000198463 0.00579423 51.6995
485 0.00020267 0.00555169 51.8094
486 0.000211428 0.00609168 51.9199
487 0.000202921 0.00559955 52.0295
488 0.000202771 0.00551067 52.1394
489 0.000221576 0.0055187 52.2494
490 0.000204705 0.00553718 52.3594
491 0.00020766 0.00561165 52.4695
492 0.000214183 0.00560876 52.5796
493 0.000205526 0.00568169 52.6898
494 0.00021818 0.00585145 52.8013
495 0.000233599 0.00580437 52.9124
496 0.00020779 0.00577428 53.0227
497 0.000204705 0.0058531 53.1328
498 0.000210275 0.00590481 53.243
499 0.000203843 0.00589691 53.353
500 0.000213972 0.00574435 53.463
501 0.000216216 0.00574485 53.573
502 0.000207981 0.00572116 53.683
503 0.000209985 0.00569205 53.7931
504 0.000205727 0.00561824 53.9034
505 0.000206358 0.00568182 54.0135
506 0.000205266 0.00568741 54.1236
507 0.000218771 0.00555919 54.2335
508 0.000202591 0.00556329 54.3435
509 0.000206097 0.00559641 54.4535
510 0.000206017 0.00557198 54.5634
511 0.000207179 0.00564129 54.6739
512 0.000226686 0.00579711 54.7852
513 0.000203883 0.00600605 54.8955
514 0.000230052 0.00577243 55.0069
515 0.000224903 0.00578579 55.1181
516 0.000204704 0.00584836 55.2281
517 0.000209964 0.00591099 55.3383
518 0.000206298 0.0059233 55.4488
519 0.000210285 0.00589152 55.5587
520 0.000205045 0.00610156 55.6689
521 0.0002021 0.00566119 55.7785
522 0.000234571 0.00570033 55.8886
523 0.000204815 0.00560163 55.9984
524 0.000208081 0.00578726 56.1087
525 0.00020228 0.00556889 56.2184
526 0.000206999 0.00549658 56.3283
527 0.000211528 0.00636898 56.439
528 0.000206778 0.00570512 56.5483
529 0.000216557 0.00563728 56.6582
530 0.000192802 0.00576145 56.7682
531 0.000200297 0.00591177 56.8783
532 0.000199525 0.00593401 56.9881
533 0.000198963 0.00585428 57.098
534 0.000196829 0.00588112 57.2078
535 0.000194055 0.00581215 57.3176
536 0.000201399 0.005846 57.4274
537 0.000195247 0.00564851 57.537
538 0.000195247 0.00570198 57.6468
539 0.000189316 0.00572618 57.7566
540 0.000201288 0.00562313 57.8662
541 0.000194356 0.00570006 57.9759
542 0.000191891 0.00574202 58.0856
543 0.000194325 0.00555453 58.1951
544 0.000189176 0.00566435 58.3048
545 0.00019166 0.00567003 58.4145
546 0.000188815 0.00569112 58.5241
547 0.000188715 0.00563276 58.6336
548 0.000187553 0.00563592 58.7431
549 0.000188955 0.00566402 58.8527
550 0.000191711 0.00564236 58.9622
551 0.000187672 0.00566317 59.0717
552 0.000189516 0.00559186 59.1811
553 0.000182814 0.00588927 59.2909
554 0.000182122 0.00580282 59.4002
555 0.000196549 0.00584694 59.5096
556 0.000181281 0.00589999 59.6193
557 0.000190668 0.00589912 59.7286
558 0.000177544 0.00587677 59.8378
559 0.000177023 0.00586438 59.9471
560 0.000182743 0.00582218 60.0565
561 0.000172735 0.00582879 60.1658
562 0.000178656 0.00586432 60.2749
563 0.000172264 0.00582169 60.384
564 0.000185459 0.00595744 60.4932
565 0.000169228 0.00595205 60.6023
566 0.000166633 0.00593212 60.7114
567 0.00016475 0.00587184 60.8203
568 0.000164288 0.00586931 60.9293
569 0.000164008 0.00589583 61.0382
570 0.000163056 0.00588466 61.1471
571 0.000162596 0.00585725 61.2561
572 0.000161183 0.00588998 61.3648
573 0.000160832 0.00591071 61.4737
574 0.000160812 0.0058488 61.5824
575 0.000157506 0.00581453 61.6913
576 0.000154801 0.00580709 61.8001
577 0.00017591 0.00593481 61.9087
578 0.000154661 0.00587878 62.0172
579 0.000154841 0.00582987 62.1258
580 0.000161193 0.00596488 62.2345
581 0.000150613 0.00674055 62.3438
582 0.000154991 0.00642026 62.4519
583 0.000151534 0.00637858 62.5602
584 0.000153519 0.00636911 62.6686
585 0.000145763 0.00598287 62.7766
586 0.000146385 0.00591912 62.8849
587 0.000147707 0.00585438 62.9931
588 0.000146735 0.00582876 63.1014
589 0.000144982 0.00578522 63.2096
590 0.000164719 0.00584515 63.3178
591 0.000142909 0.00585601 63.4259
592 0.000138721 0.00584644 63.5341
593 0.000139993 0.00585225 63.6423
594 0.000136787 0.00578256 63.7503
595 0.000156995 0.00583241 63.8583
596 0.00013811 0.0057927 63.9663
597 0.000144011 0.00598743 64.0745
598 0.000132078 0.00581041 64.1822
599 0.000134173 0.00576923 64.29
600 0.000132108 0.0058817 64.398
601 0.000130095 0.0057812 64.5057
602 0.000138791 0.00582657 64.6135
603 0.000128031 0.0054532 64.7208
604 0.000125877 0.00549221 64.8285
605 0.000131276 0.00545899 64.936
606 0.000123903 0.00552996 65.0438
607 0.000125907 0.0054566 65.1515
608 0.000124655 0.00572286 65.2593
609 0.000123282 0.00572516 65.3668
610 0.000124404 0.00565316 65.4741
611 0.000118542 0.00552806 65.5815
612 0.000122481 0.00624601 65.6897
613 0.000119134 0.00583538 65.7966
614 0.000117581 0.00565555 65.9037
615 0.000123502 0.00565181 66.011
616 0.000125847 0.00558998 66.1185
617 0.000123171 0.00575762 66.2259
618 0.000117581 0.00578686 66.3332
619 0.000127279 0.0059344 66.4405
620 0.000118342 0.00577518 66.5477
621 0.000123793 0.00575807 66.6547
622 0.000118743 0.00624891 66.763
623 0.000121678 0.00621213 66.8699
624 0.00012254 0.00605873 66.9768
625 0.000121368 0.00573911 67.0833
626 0.000120216 0.0057538 67.1903
627 0.000112752 0.005805 67.2971
628 0.000108654 0.00574851 67.4037
629 0.000118523 0.00574842 67.5103
630 0.000110407 0.00578723 67.617
631 0.000140955 0.00639776 67.725
632 0.000279896 0.00648409 67.8317
633 0.000104286 0.00639927 67.9386
634 0.000178606 0.00644107 68.0453
635 0.000128812 0.00655208 68.1523
636 0.000469111 0.00634624 68.2589
637 0.000189527 0.00648811 68.3656
638 0.000177173 0.00642199 68.4723
639 0.000353013 0.00635205 68.5789
640 0.000103504 0.0062244 68.6856
641 0.000434466 0.00584972 68.7917
642 0.000103324 0.0059566 68.898
643 0.000104716 0.00587302 69.0042
644 0.000104156 0.00550107 69.1109
645 0.000100379 0.00594134 69.2174
646 0.000374113 0.00561232 69.3233
647 0.000118372 0.00560153 69.4292
648 0.000113944 0.00561454 69.5352
649 0.000114215 0.00611594 69.642
650 0.000564661 0.00594176 69.7481
651 0.000454615 0.00559301 69.8539
652 0.000107432 0.00563623 69.9599
653 0.000209634 0.00553366 70.0657
654 0.000109195 0.00564204 70.1717
655 0.000350989 0.00557373 70.2775
656 0.000263816 0.00555853 70.3833
657 0.000360537 0.00558605 70.4891
658 0.00039913 0.00554476 70.5949
659 0.000262323 0.0055201 70.7006
660 0.000448002 0.00627847 70.8071
661 0.00120386 0.00557525 70.913
662 0.000353695 0.00560826 71.0188
663 0.000525658 0.00554684 71.1246
664 0.000639712 0.00558585 71.2304
665 0.000322166 0.00552553 71.3362
666 0.000556616 0.00548846 71.442
667 0.000580922 0.00550697 71.5477
668 0.000616919 0.00556355 71.6535
669 0.000801616 0.00616417 71.7599
670 0.00123653 0.00605527 71.8662
671 0.00112538 0.00603847 71.9725
672 0.00135864 0.00604595 72.0788
673 0.00140328 0.00639815 72.1854
674 0.00149426 0.00693422 72.2926
675 0.00235365 0.0063925 72.3992
676 0.0019986 0.00645655 72.5059
677 0.00199194 0.00642647 72.6126
678 0.00151185 0.00612115 72.7189
679 0.00146817 0.00602622 72.8252
680 0.00169814 0.00599695 72.9314
681 0.00168182 0.00593846 73.0376
682 0.00166684 0.00538529 73.1432
683 0.00116016 0.00524009 73.2487
684 0.000925369 0.00539605 73.3543
685 0.00134711 0.00664899 73.4612
686 0.00258683 0.00540965 73.5668
687 0.0013297 0.00547218 73.6725
688 0.00142715 0.00600084 73.7788
689 0.00193675 0.00536533 73.8844
690 0.00140039 0.00628419 73.9909
691 0.00205203 0.00632565 74.0974
692 0.00233699 0.0059394 74.2036
693 0.00200799 0.00550835 74.3093
694 0.00165434 0.00548828 74.4151
695 0.00157472 0.00550808 74.5208
696 0.00173141 0.00542435 74.6265
697 0.00159244 0.00566915 74.7324
698 0.00195908 0.00572551 74.8383
699 0.0019107 0.00572766 74.9443
700 0.00201433 0.00616118 75.0507
701 0.00262491 0.00543921 75.1564
702 0.00176503 0.00543977 75.2621
703 0.00171811 0.00546101 75.3678
704 0.00179375 0.00544496 75.4735
705 0.00162781 0.00545649 75.5792
706 0.00208716 0.00546802 75.6849
707 0.00199303 0.00549423 75.7906
708 0.00216224 0.00549916 75.8963
709 0.00208296 0.00538176 76.0019
710 0.00197985 0.00550521 76.1077
711 0.00220461 0.00545053 76.2134
712 0.00229069 0.00547275 76.3191
713 0.00222468 0.00544366 76.4247
714 0.00230041 0.00545501 76.5304
715 0.00223683 0.00541587 76.6361
716 0.0023024 0.00559297 76.7419
717 0.00260261 0.0054286 76.8475
718 0.00242172 0.00548742 76.9533
719 0.00241603 0.00541315 77.0589
720 0.00250804 0.005512 77.1647
721 0.0022581 0.00545838 77.2704
722 0.00258125 0.00544806 77.3761
723 0.00249659 0.00544068 77.4818
724 0.00219738 0.00546255 77.5875
725 0.00258999 0.00590889 77.6936
726 0.0031423 0.00544248 77.7993
727 0.00269743 0.00542041 77.9049
728 0.00257954 0.00545044 78.0106
729 0.00263508 0.00551362 78.1164
730 0.00250637 0.00540976 78.222
731 0.00275969 0.00535873 78.3276
732 0.00264088 0.00543451 78.4332
733 0.0028146 0.00538715 78.5388
734 0.00271686 0.00585969 78.6449
735 0.0032535 0.00551257 78.7507
736 0.00293774 0.00540373 78.8563
737 0.00295755 0.005824 78.9624
738 0.00330249 0.0053706 79.068
739 0.00265346 0.0057206 79.1739
740 0.00326 0.00561185 79.2798
741 0.003163 0.00538994 79.3854
742 0.00306147 0.00540129 79.491
743 0.00303341 0.00543193 79.5967
744 0.00313379 0.00586533 79.7028
745 0.00354908 0.00532949 79.8084
746 0.00326756 0.0052887 79.9139
747 0.00277978 0.00539568 80.0195
748 0.00282438 0.00532345 80.125
749 0.00309207 0.00534729 80.2306
750 0.00317907 0.00534364 80.3362
751 0.00329222 0.00532784 80.4418
752 0.00314072 0.00582124 80.5478
753 0.00339885 0.00579558 80.6539
754 0.00347361 0.00576596 80.7599
755 0.0033197 0.00582065 80.8659
756 0.00370775 0.00575313 80.9719
757 0.00368834 0.00575073 81.0779
758 0.00343893 0.00574093 81.1838
759 0.00378668 0.00580945 81.2899
760 0.00379986 0.00573938 81.3958
761 0.00379295 0.005796 81.5019
762 0.00395711 0.00575878 81.6078
763 0.00388826 0.00573054 81.7138
764 0.00366906 0.00557455 81.8196
765 0.00370464 0.00551243 81.9254
766 0.00374181 0.00534684 82.031
767 0.00352747 0.00538085 82.1366
768 0.00364514 0.00533611 82.2421
769 0.0035734 0.00541634 82.3478
770 0.00367565 0.00533938 82.4533
771 0.00362861 0.00540058 82.559
772 0.00371848 0.00533886 82.6645
773 0.00369178 0.00534708 82.7701
774 0.00369803 0.00535982 82.8757
775 0.00372467 0.00533717 82.9813
776 0.00377978 0.00542529 83.0869
777 0.00337197 0.00537907 83.1925
778 0.00355429 0.00532167 83.2981
779 0.00374636 0.00537008 83.4037
780 0.00385708 0.00537877 83.5093
781 0.00361291 0.00537532 83.6149
782 0.00388872 0.00535043 83.7205
783 0.00388764 0.00571764 83.8264
784 0.00430667 0.00529939 83.932
785 0.00388157 0.00528259 84.0375
786 0.0038928 0.00534034 84.1431
787 0.00397896 0.00535175 84.2486
788 0.00399195 0.00529824 84.3542
789 0.0039692 0.00537616 84.4598
790 0.00381279 0.00531822 84.5653
791 0.00407257 0.00578182 84.6714
792 0.00451149 0.00531958 84.7769
793 0.00398459 0.00580609 84.883
794 0.00458488 0.00553595 84.9888
795 0.0043201 0.00535031 85.0943
796 0.00388307 0.005347 85.1999
797 0.00417052 0.00535099 85.3055
798 0.00420066 0.00548006 85.4112
799 0.00434659 0.0052729 85.5168
800 0.00417242 0.00546641 85.6225
801 0.00438469 0.00543909 85.7281
802 0.00435182 0.00542813 85.8338
803 0.00435336 0.00547145 85.9395
804 0.00442636 0.00541011 86.0452
805 0.00437068 0.00549117 86.1509
806 0.00447979 0.00560393 86.2567
807 0.00460519 0.00554102 86.3625
808 0.00456506 0.00543079 86.4682
809 0.00446352 0.00551708 86.5739
810 0.00445255 0.00571963 86.6799
811 0.00477638 0.00534008 86.7854
812 0.00440837 0.00533802 86.891
813 0.00442702 0.00556371 86.9968
814 0.00468786 0.00546392 87.1025
815 0.00460106 0.00542852 87.2082
816 0.00457435 0.00558358 87.314
817 0.00442819 0.00545473 87.4197
818 0.00462439 0.00546591 87.5253
819 0.00466748 0.00540002 87.631
820 0.00457399 0.00556499 87.7368
821 0.00478203 0.00618961 87.8432
822 0.00542001 0.0053471 87.9488
823 0.00458778 0.0053582 88.0544
824 0.00460169 0.00534183 88.1599
825 0.00456022 0.00578435 88.2659
826 0.00504869 0.0054029 88.3716
827 0.00470341 0.00587166 88.4777
828 0.00518256 0.00580246 88.5837
829 0.00510676 0.00545185 88.6894
830 0.00476199 0.00560465 88.7952
831 0.00495019 0.00566958 88.9011
832 0.00500296 0.00561262 89.0069
833 0.00496669 0.0056237 89.1128
834 0.00459321 0.00559519 89.2186
835 0.00495097 0.00566243 89.3245
836 0.00505986 0.0055974 89.4303
837 0.00492224 0.0056368 89.5362
838 0.00504394 0.00562276 89.642
839 0.00503501 0.00572187 89.7479
840 0.0051582 0.00529623 89.8535
841 0.00472508 0.00512425 89.9588
842 0.00457386 0.0056442 90.0647
843 0.00509247 0.00558745 90.1705
844 0.00506092 0.00560893 90.2763
845 0.00493271 0.00549602 90.382
846 0.00498056 0.0051626 90.4874
847 0.00466095 0.00516883 90.5928
848 0.00465135 0.00501116 90.698
849 0.00451434 0.00510785 90.8033
850 0.00463092 0.00523278 90.9088
851 0.0047572 0.00520371 91.0142
852 0.00448713 0.0051883 91.1196
853 0.00474182 0.00513121 91.225
854 0.00470325 0.00509233 91.3303
855 0.00466032 0.00512719 91.4356
856 0.00473241 0.00528224 91.5412
857 0.0048704 0.00507917 91.6465
858 0.00465668 0.00511695 91.7518
859 0.00469651 0.0052491 91.8573
860 0.00485089 0.00514725 91.9626
861 0.0047727 0.00519834 92.0681
862 0.00483309 0.00518249 92.1735
863 0.00481896 0.00516793 92.2789
864 0.00481867 0.00512724 92.3842
865 0.00477671 0.0051562 92.4896
866 0.00480289 0.00526806 92.5951
867 0.00495161 0.00512328 92.7004
868 0.00480424 0.00514426 92.8058
869 0.00483921 0.00511419 92.9111
870 0.00481614 0.00531954 93.0167
871 0.00501414 0.00530842 93.1222
872 0.00501607 0.00532773 93.2277
873 0.005043 0.00527572 93.3332
874 0.00499996 0.00537175 93.4388
875 0.0050972 0.00526214 93.5443
876 0.00499985 0.00524087 93.6498
877 0.00498803 0.00560563 93.7556
878 0.00535803 0.00512639 93.861
879 0.004887 0.00511251 93.9663
880 0.00487847 0.00505136 94.0716
881 0.00482441 0.00505747 94.1768
882 0.00486228 0.0051673 94.2822
883 0.0049475 0.00518023 94.3876
884 0.0049796 0.00515646 94.493
885 0.0049082 0.00559109 94.5988
886 0.00537909 0.00562973 94.7047
887 0.00545393 0.00509513 94.81
888 0.00492111 0.00515634 94.9154
889 0.00495503 0.00518853 95.0208
890 0.00502238 0.0053853 95.1264
891 0.0052262 0.00549688 95.2321
892 0.00529656 0.00541593 95.3378
893 0.00524623 0.00520575 95.4432
894 0.00505842 0.00546762 95.5489
895 0.00532313 0.00542376 95.6546
896 0.00528398 0.00510415 95.7599
897 0.00496765 0.00536468 95.8655
898 0.00524048 0.00521471 95.9709
899 0.00509152 0.00519587 96.0764
900 0.00482042 0.00515183 96.1818
901 0.00503983 0.00532394 96.2873
902 0.00488254 0.00517288 96.3927
903 0.00507464 0.00500901 96.498
904 0.00489682 0.00521464 96.6034
905 0.00510433 0.00500138 96.7086
906 0.00439281 0.0052416 96.8141
907 0.00515627 0.00567522 96.92
908 0.00557724 0.0058654 97.0261
909 0.0057545 0.00539041 97.1317
910 0.00529331 0.00537647 97.2373
911 0.00531715 0.00545513 97.343
912 0.00537322 0.00542051 97.4487
913 0.00531423 0.00536559 97.5543
914 0.00530315 0.00557441 97.6601
915 0.00550622 0.00542231 97.7657
916 0.00533292 0.00535272 97.8713
917 0.00529396 0.00528665 97.9768
918 0.00522209 0.00532767 98.0824
919 0.00526195 0.00530402 98.1879
920 0.00523257 0.00538969 98.2936
921 0.00505883 0.00524839 98.399
922 0.00518756 0.00523571 98.5045
923 0.00487648 0.00517003 98.6099
924 0.00505813 0.00568137 98.7158
925 0.00562287 0.00533907 98.8214
926 0.0050166 0.00602803 98.9276
927 0.0058764 0.00595858 99.0338
928 0.00588936 0.00533464 99.1394
929 0.00527301 0.00581071 99.2454
930 0.00570249 0.00539943 99.351
931 0.00534083 0.00541366 99.4567
932 0.00534424 0.00530084 99.5622
933 0.00524112 0.00559298 99.668
934 0.0054976 0.00543997 99.7737
935 0.00536093 0.00523715 99.8791
936 0.00517098 0.00518722 99.9846
937 0.00511958 0.00561273 100.09
938 0.00553895 0.00555491 100.196
939 0.00549575 0.00552863 100.302
940 0.0054583 0.00554475 100.408
941 0.00548358 0.00551511 100.513
942 0.00543303 0.00506032 100.619
943 0.00499407 0.00509803 100.724
944 0.00503604 0.00504389 100.829
945 0.00500055 0.00507628 100.935
946 0.00501965 0.00541751 101.04
947 0.0053475 0.0051063 101.146
948 0.00504788 0.00506126 101.251
949 0.00499984 0.00506156 101.356
950 0.00472248 0.00501341 101.461
951 0.00494105 0.00502846 101.567
952 0.0049639 0.00511275 101.672
953 0.00505068 0.00503052 101.777
954 0.00495607 0.00500037 101.882
955 0.0049443 0.00499154 101.988
956 0.00491373 0.0049938 102.093
957 0.00493047 0.00525742 102.198
958 0.00519792 0.00523297 102.304
959 0.00526595 0.0078885 102.412
960 0.00785963 0.00617311 102.518
961 0.00611665 0.00503495 102.624
962 0.00496265 0.00496777 102.729
963 0.00491603 0.00608689