TimeStep Temps_Avancement Temps_Affichage Temps_Simulation
135951041488622 0.00276272 0.00436829 0.0584257
135951041488623 1.4882e-05 0.00044128 0.109306
135951041488624 2.1237e-05 0.000628085 0.16024
135951041488625 2.8443e-05 0.000701391 0.211251
135951041488626 0.000344183 0.00115707 0.263068
135951041488627 0.000119099 0.00135684 0.315239
135951041488628 0.00011459 0.0012062 0.366932
135951041488629 0.000107819 0.00142937 0.419179
135951041488630 0.000141084 0.00140424 0.471477
135951041488631 0.000162251 0.00146923 0.523332
135951041488632 0.000354347 0.00141019 0.575355
135951041488633 0.00044676 0.00168096 0.627758
135951041488634 0.000245521 0.0014165 0.679682
135951041488635 0.000267911 0.00135187 0.731538
135951041488636 0.000302588 0.00138493 0.783917
135951041488637 0.000400248 0.00135406 0.836376
135951041488638 0.000481647 0.00176553 0.888879
135951041488639 0.000499665 0.00170309 0.941325
135951041488640 0.000564302 0.00219713 0.99522
135951041488641 0.000788487 0.00776904 1.05405
135951041488642 0.000824859 0.00395273 1.1091
135951041488643 0.000986906 0.00614713 1.1665
135951041488644 0.000700096 0.00176108 1.21962
135951041488645 0.000754342 0.00153167 1.27259
135951041488646 0.00093755 0.00151077 1.32569
135951041488647 0.000930962 0.00148633 1.3788
135951041488648 0.000968978 0.00152161 1.43199
135951041488649 0.00111081 0.00187459 1.48567
135951041488650 0.0010808 0.0016243 1.53906
135951041488651 0.00114359 0.00163693 1.59252
135951041488652 0.00116718 0.00184476 1.64622
135951041488653 0.00117627 0.00198348 1.7001
135951041488654 0.00150147 0.00205067 1.7542
135951041488655 0.00131275 0.00197692 1.80822
135951041488656 0.00132618 0.00205021 1.86219
135951041488657 0.0014139 0.00211435 1.91646
135951041488658 0.00143906 0.00222629 1.97081
135951041488659 0.0016499 0.00237962 2.02552
135951041488660 0.00168097 0.00241066 2.07997
135951041488661 0.00161437 0.00244903 2.13473
135951041488662 0.00174612 0.00262666 2.18939
135951041488663 0.00231248 0.00264653 2.24503
135951041488664 0.00201778 0.00278138 2.30051
135951041488665 0.00197779 0.00291796 2.3561
135951041488666 0.00201421 0.00309858 2.4117
135951041488667 0.00214924 0.00307131 2.46719
135951041488668 0.00230532 0.00341678 2.52324
135951041488669 0.00241768 0.0034214 2.57941
135951041488670 0.00245761 0.00352118 2.63569
135951041488671 0.00323317 0.00444765 2.69406
135951041488672 0.00253457 0.00364641 2.75051
135951041488673 0.0036302 0.00561323 2.81003
135951041488674 0.00258261 0.00345985 2.86635
135951041488675 0.00261911 0.0040071 2.92325
135951041488676 0.00252345 0.00404825 2.98013
135951041488677 0.002648 0.00388555 3.03709
135951041488678 0.00260296 0.00395409 3.09419
135951041488679 0.00282873 0.0063475 3.15362
135951041488680 0.0026776 0.00419306 3.2113
135951041488681 0.00477532 0.0110411 3.27734
135951041488682 0.00461009 0.00938308 3.34362
135951041488683 0.00364974 0.0111174 3.40861
135951041488684 0.00500234 0.00784225 3.47175
135951041488685 0.00313047 0.00539974 3.53051
135951041488686 0.00458387 0.00741096 3.59277
135951041488687 0.0036532 0.00564007 3.65238
135951041488688 0.00347278 0.00684275 3.71291
135951041488689 0.00273721 0.00450543 3.77041
135951041488690 0.00335327 0.00514202 3.82918
135951041488691 0.00341445 0.00555793 3.88841
135951041488692 0.00428797 0.00753212 3.9505
135951041488693 0.00382389 0.0068642 4.01232
135951041488694 0.00728714 0.0219725 4.09184
135951041488695 0.00870164 0.0291423 4.17993
135951041488696 0.00771373 0.0157995 4.25366
135951041488697 0.00143045 0.00653106 4.31176
135951041488698 0.00150512 0.00349746 4.36689
135951041488699 0.00122733 0.00190452 4.42063
135951041488700 0.00290313 0.00457085 4.47879
135951041488701 0.00284193 0.00456309 4.53687
135951041488702 0.00292465 0.00478886 4.59525
135951041488703 0.00281092 0.00462475 4.65341
135951041488704 0.00290409 0.0047256 4.71134
135951041488705 0.00497125 0.00906091 4.77563
135951041488706 0.0028876 0.00468613 4.83362
135951041488707 0.00294516 0.00455305 4.8918
135951041488708 0.00308416 0.00789493 4.95301
135951041488709 0.00474684 0.00793267 5.0164
135951041488710 0.00306092 0.00443416 5.07417
135951041488711 0.00302314 0.00472182 5.13222
135951041488712 0.00298034 0.00444695 5.18994
135951041488713 0.00296909 0.00663718 5.24977
135951041488714 0.00278557 0.00669907 5.30994
135951041488715 0.00299922 0.00668028 5.37033
135951041488716 0.00294113 0.00649968 5.43046
135951041488717 0.00293225 0.0065864 5.49063
135951041488718 0.00297082 0.0066067 5.5509
135951041488719 0.00300838 0.00666364 5.61125
135951041488720 0.00275206 0.0067548 5.67109
135951041488721 0.0029621 0.0067611 5.73104
135951041488722 0.0034005 0.00678551 5.79177
135951041488723 0.00288873 0.00451228 5.84982
135951041488724 0.00310866 0.00449948 5.90811
135951041488725 0.00277095 0.00447593 5.96563
135951041488726 0.00302077 0.00674852 6.02608
135951041488727 0.00294889 0.00670297 6.08642
135951041488728 0.00286785 0.00664069 6.14661
135951041488729 0.00291696 0.00689783 6.20671
135951041488730 0.00296235 0.00677965 6.26669
135951041488731 0.00324394 0.0046607 6.3253
135951041488732 0.0030352 0.004445 6.38347
135951041488733 0.0029073 0.00456042 6.44162
135951041488734 0.00283011 0.00455101 6.49969
135951041488735 0.00297408 0.00462005 6.55751
135951041488736 0.0041534 0.0109064 6.62288
135951041488737 0.00343871 0.00507962 6.68163
135951041488738 0.00294179 0.00449381 6.73975
135951041488739 0.00311459 0.00444262 6.79799
135951041488740 0.00290714 0.00446173 6.85603
135951041488741 0.00318015 0.00441337 6.91431
135951041488742 0.00298003 0.00446527 6.97243
135951041488743 0.00309698 0.00447641 7.03071
135951041488744 0.003021 0.00445237 7.08842
135951041488745 0.00414001 0.00598267 7.14882
135951041488746 0.00279245 0.00457597 7.20687
135951041488747 0.00308671 0.00443733 7.26494
135951041488748 0.00291602 0.00436949 7.32288
135951041488749 0.0031562 0.00442866 7.38114
135951041488750 0.00273727 0.00453327 7.43874
135951041488751 0.00351997 0.00554724 7.4985
135951041488752 0.00292423 0.0044835 7.55636
135951041488753 0.00347433 0.00469394 7.61481
135951041488754 0.00282881 0.00464639 7.67251
135951041488755 0.00294689 0.00456856 7.73072
135951041488756 0.00329646 0.00488856 7.78961
135951041488757 0.00293656 0.00448436 7.84732
135951041488758 0.00289683 0.00462704 7.90553
135951041488759 0.00298203 0.00448301 7.96329
135951041488760 0.00380611 0.00619832 8.024
135951041488761 0.00313889 0.0044237 8.08225
135951041488762 0.00299675 0.00463744 8.14023
135951041488763 0.00336025 0.00565498 8.2
135951041488764 0.00282763 0.00686168 8.26038
135951041488765 0.00309142 0.0059364 8.3201
135951041488766 0.00294387 0.00655365 8.37987
135951041488767 0.00303737 0.00668322 8.44031
135951041488768 0.00299606 0.00770424 8.50131
135951041488769 0.00421689 0.00683168 8.5626
135951041488770 0.00368241 0.00608237 8.62533
135951041488771 0.00841667 0.0256916 8.71233
135951041488772 0.0159186 0.0212582 8.79975
135951041488773 0.00965817 0.0152721 8.87489
135951041488774 0.00364707 0.00293912 8.93182
135951041488775 0.00874319 0.00670864 8.9974
135951041488776 0.0011008 0.0022347 9.0509
135951041488777 0.000935778 0.00222083 9.10422
135951041488778 0.00108443 0.00227701 9.15776
135951041488779 0.00104359 0.00221586 9.21115
135951041488780 0.00327522 0.00317079 9.26776
135951041488781 0.00103732 0.00176862 9.32082
135951041488782 0.00141562 0.00248381 9.37485
135951041488783 0.000994733 0.00143277 9.42739
135951041488784 0.00127172 0.0018898 9.48076
135951041488785 0.00308604 0.00456442 9.5391
135951041488786 0.0029459 0.00452489 9.59698
135951041488787 0.0030556 0.00444239 9.65471
135951041488788 0.004269 0.0109989 9.72022
135951041488789 0.00424568 0.00756763 9.78233
135951041488790 0.00423906 0.00744037 9.84422
135951041488791 0.00132881 0.00252948 9.89822
135951041488792 0.00134187 0.00239292 9.95214
135951041488793 0.00101158 0.00148673 10.0048
135951041488794 0.00125992 0.00247102 10.0587
135951041488795 0.00121735 0.00443368 10.1145
135951041488796 0.00124655 0.00239831 10.1683
135951041488797 0.00141649 0.00261802 10.2224
135951041488798 0.000929884 0.00150083 10.2751
135951041488799 0.001531 0.00227721 10.3295
135951041488800 0.00302246 0.00495596 10.3879
135951041488801 0.00365998 0.00776022 10.45
135951041488802 0.00275285 0.00465512 10.5081
135951041488803 0.00297707 0.0045781 10.5661
135951041488804 0.00280853 0.00479148 10.6244
135951041488805 0.00289206 0.00452737 10.6821
135951041488806 0.00348828 0.00763127 10.7434
135951041488807 0.00269438 0.00698117 10.8038
135951041488808 0.00290015 0.00674508 10.8641
135951041488809 0.00276149 0.00685335 10.9244
135951041488810 0.00296453 0.00457596 10.9822
135951041488811 0.00277642 0.00461149 11.0403
135951041488812 0.00276136 0.0052315 11.099
135951041488813 0.00289339 0.00498783 11.1576
135951041488814 0.00281648 0.00481441 11.2159
135951041488815 0.00283839 0.00463904 11.2741
135951041488816 0.00299607 0.00449916 11.3322
135951041488817 0.00277432 0.00461918 11.3904
135951041488818 0.00288694 0.00460039 11.4481
135951041488819 0.00274499 0.00688586 11.5085
135951041488820 0.00287303 0.00452092 11.5666
135951041488821 0.00279012 0.00456482 11.6244
135951041488822 0.00275528 0.00454925 11.682
135951041488823 0.00270522 0.0046483 11.74
135951041488824 0.00278126 0.00466403 11.7982
135951041488825 0.00321364 0.00840224 11.8605
135951041488826 0.00291014 0.00702324 11.9212
135951041488827 0.00280802 0.00672459 11.981
135951041488828 0.0029613 0.00665625 12.0413
135951041488829 0.00266676 0.0068943 12.1016
135951041488830 0.00285869 0.00676387 12.1614
135951041488831 0.00362816 0.00838828 12.2237
135951041488832 0.00366497 0.00824803 12.2859
135951041488833 0.00409076 0.00781907 12.3485
135951041488834 0.00281892 0.00694122 12.4085
135951041488835 0.00335961 0.00740285 12.4699
135951041488836 0.00283774 0.00675203 12.5302
135951041488837 0.00272701 0.00680314 12.5905
135951041488838 0.00282757 0.00676646 12.6504
135951041488839 0.00272328 0.00681631 12.7106
135951041488840 0.00280301 0.00667394 12.7703
135951041488841 0.00284462 0.00678452 12.8306
135951041488842 0.00397813 0.00927895 12.8946
135951041488843 0.00309494 0.00464804 12.9526
135951041488844 0.00351134 0.00684325 13.0134
135951041488845 0.0031496 0.00477103 13.072
135951041488846 0.00295037 0.0045313 13.1301
135951041488847 0.00276517 0.00485711 13.1881
135951041488848 0.00275124 0.00453788 13.246
135951041488849 0.00277331 0.00468089 13.3038
135951041488850 0.00274235 0.00447492 13.3616
135951041488851 0.00275125 0.0044961 13.4192
135951041488852 0.00279214 0.00488621 13.4776
135951041488853 0.00272218 0.00675167 13.5377
135951041488854 0.00275324 0.00676985 13.5975
135951041488855 0.00299012 0.00695196 13.6577
135951041488856 0.00299039 0.00695267 13.7179
135951041488857 0.00270345 0.00685863 13.7781
135951041488858 0.00268543 0.00682753 13.8379
135951041488859 0.00274826 0.00674029 13.8979
135951041488860 0.00274965 0.00676081 13.9581
135951041488861 0.00343205 0.00695134 14.0188
135951041488862 0.00262352 0.00679017 14.0786
135951041488863 0.00296334 0.00668516 14.1386
135951041488864 0.00267096 0.00739027 14.199
135951041488865 0.00389142 0.00745605 14.2606
135951041488866 0.00253141 0.00472097 14.3185
135951041488867 0.00275583 0.00457147 14.3761
135951041488868 0.00261364 0.00464213 14.434
135951041488869 0.00273715 0.0045717 14.492
135951041488870 0.00265418 0.0045755 14.5494
135951041488871 0.00270001 0.00454336 14.6073
135951041488872 0.00262327 0.00463002 14.6653
135951041488873 0.00273525 0.00688667 14.7252
135951041488874 0.00255691 0.00467016 14.7832
135951041488875 0.00283527 0.00466526 14.841
135951041488876 0.0024654 0.00462761 14.8988
135951041488877 0.00285122 0.00447292 14.9568
135951041488878 0.00309854 0.00796519 15.0185
135951041488879 0.00299845 0.00675852 15.0786
135951041488880 0.00261664 0.00674926 15.1383
135951041488881 0.00276759 0.00689187 15.1982
135951041488882 0.00264315 0.00685306 15.2585
135951041488883 0.00266047 0.00663625 15.3184
135951041488884 0.00252439 0.00681213 15.3785
135951041488885 0.00270682 0.00670877 15.4382
135951041488886 0.00268857 0.00674675 15.4983
135951041488887 0.00266804 0.00667564 15.5584
135951041488888 0.0025813 0.0068206 15.6184
135951041488889 0.00303474 0.00672716 15.6789
135951041488890 0.0025292 0.00689391 15.739
135951041488891 0.0026637 0.00678636 15.7991
135951041488892 0.00257453 0.00690993 15.8593
135951041488893 0.00271676 0.00668985 15.9194
135951041488894 0.00255791 0.00687416 15.9791
135951041488895 0.00297418 0.00685676 16.0396
135951041488896 0.00249712 0.00729174 16.0997
135951041488897 0.00353721 0.00559931 16.1595
135951041488898 0.00262345 0.0050157 16.2178
135951041488899 0.00267737 0.00470791 16.2756
135951041488900 0.00257971 0.00718214 16.3361
135951041488901 0.00252697 0.00453274 16.3938
135951041488902 0.00251897 0.0046128 16.4516
135951041488903 0.00250535 0.00471196 16.5095
135951041488904 0.0024901 0.00468337 16.5674
135951041488905 0.00250192 0.00461784 16.6251
135951041488906 0.00244368 0.00460308 16.6828
135951041488907 0.00267122 0.00455757 16.7407
135951041488908 0.00248546 0.00465343 16.7985
135951041488909 0.00264547 0.00457677 16.8564
135951041488910 0.00242155 0.00693054 16.9165
135951041488911 0.00243712 0.00473103 16.9739
135951041488912 0.00332159 0.00808969 17.036
135951041488913 0.00243998 0.00458874 17.0933
135951041488914 0.00244717 0.00488163 17.1514
135951041488915 0.00257762 0.00453303 17.2092
135951041488916 0.00245436 0.00463957 17.267
135951041488917 0.00258327 0.00451265 17.3248
135951041488918 0.00247985 0.00510886 17.383
135951041488919 0.00255664 0.00451027 17.4404
135951041488920 0.0023747 0.00466059 17.4981
135951041488921 0.0023329 0.00468609 17.5558
135951041488922 0.00242236 0.00461166 17.6135
135951041488923 0.00251541 0.00460445 17.6713
135951041488924 0.00233162 0.00474745 17.7291
135951041488925 0.00231768 0.00461578 17.7863
135951041488926 0.00223812 0.00465887 17.8435
135951041488927 0.00233365 0.00466539 17.9011
135951041488928 0.00231269 0.00472165 17.9585
135951041488929 0.00284081 0.00937459 18.0214
135951041488930 0.00247978 0.0067863 18.0813
135951041488931 0.00223817 0.00471487 18.1386
135951041488932 0.00240283 0.00472567 18.1964
135951041488933 0.00212799 0.00465247 18.2539
135951041488934 0.00224325 0.00465929 18.3115
135951041488935 0.00207877 0.00457547 18.3688
135951041488936 0.00221766 0.00466925 18.4263
135951041488937 0.00207978 0.00501856 18.4841
135951041488938 0.00212307 0.00463589 18.5415
135951041488939 0.00203191 0.00468547 18.5985
135951041488940 0.00293123 0.0102882 18.662
135951041488941 0.00306066 0.00823213 18.724
135951041488942 0.00201536 0.0046656 18.7809
135951041488943 0.00204584 0.00464398 18.8379
135951041488944 0.00198442 0.00467848 18.8953
135951041488945 0.00199192 0.00454599 18.9523
135951041488946 0.00198708 0.00458165 19.0096
135951041488947 0.00207408 0.00459914 19.0665
135951041488948 0.00196463 0.00457192 19.1233
135951041488949 0.0020745 0.00482595 19.1809
135951041488950 0.00194649 0.00463153 19.2377
135951041488951 0.0019776 0.00455857 19.295
135951041488952 0.00194885 0.00456459 19.3522
135951041488953 0.00189551 0.00460348 19.4094
135951041488954 0.00188963 0.00666941 19.4686
135951041488955 0.00191771 0.00450563 19.5257
135951041488956 0.00187295 0.00444626 19.5824
135951041488957 0.00185414 0.00444921 19.6394
135951041488958 0.00184176 0.00445509 19.696
135951041488959 0.00181941 0.00469578 19.7528
135951041488960 0.00181076 0.00471177 19.8096
135951041488961 0.00210706 0.00676087 19.8688
135951041488962 0.00175967 0.00635644 19.9276
135951041488963 0.00184665 0.00638853 19.986
135951041488964 0.00217027 0.00641852 20.0453
135951041488965 0.0017776 0.0061411 20.1039
135951041488966 0.00178943 0.00622727 20.1626
135951041488967 0.00181587 0.00613733 20.2209
135951041488968 0.00172934 0.00608005 20.2794
135951041488969 0.00186244 0.00610099 20.338
135951041488970 0.00175331 0.00618387 20.3966
135951041488971 0.00182304 0.0060677 20.4552
135951041488972 0.00173181 0.00598098 20.5132
135951041488973 0.00175897 0.00601811 20.5717
135951041488974 0.00199155 0.00672492 20.6312
135951041488975 0.0019645 0.00646844 20.6903
135951041488976 0.00170514 0.00570779 20.7484
135951041488977 0.00177346 0.00562618 20.8063
135951041488978 0.00170084 0.00577747 20.8645
135951041488979 0.00186493 0.00558381 20.9227
135951041488980 0.00176495 0.00567345 20.9804
135951041488981 0.00194523 0.00447492 21.0375
135951041488982 0.00174498 0.00551609 21.0955
135951041488983 0.00171394 0.00548302 21.1529
135951041488984 0.00185273 0.00572437 21.2107
135951041488985 0.00172151 0.00770807 21.2704
135951041488986 0.00177111 0.00532169 21.3282
135951041488987 0.00167906 0.00574462 21.3863
135951041488988 0.00169914 0.005301 21.4436
135951041488989 0.00155659 0.00360291 21.4995
135951041488990 0.00202294 0.003849 21.556
135951041488991 0.00192226 0.00427939 21.613
135951041488992 0.00195641 0.00597192 21.6712
135951041488993 0.00188286 0.00552881 21.7289
135951041488994 0.00186431 0.00542855 21.7869
135951041488995 0.0016681 0.00522683 21.8441
135951041488996 0.0016623 0.00522716 21.9016
135951041488997 0.0017011 0.00522377 21.9592
135951041488998 0.00166207 0.00528111 22.0169
135951041488999 0.00169792 0.00529516 22.0742
135951041489000 0.00165913 0.00519864 22.1318
135951041489001 0.00170333 0.00517515 22.1889
135951041489002 0.00166476 0.00532371 22.2462
135951041489003 0.00167235 0.00518809 22.3038
135951041489004 0.00168518 0.00517838 22.3613
135951041489005 0.00182518 0.00522352 22.419
135951041489006 0.00170734 0.00522055 22.4767
135951041489007 0.00172068 0.00514223 22.5342
135951041489008 0.00162935 0.00517137 22.5917
135951041489009 0.00169271 0.00516322 22.6491
135951041489010 0.00169743 0.00514321 22.7062
135951041489011 0.00166758 0.00517549 22.7638
135951041489012 0.00167595 0.00516399 22.8209
135951041489013 0.00170074 0.00515229 22.8784
135951041489014 0.00165326 0.00520958 22.936
135951041489015 0.00167998 0.00511359 22.9931
135951041489016 0.00178235 0.005195 23.0504
135951041489017 0.00163237 0.00510531 23.1078
135951041489018 0.00170133 0.00521504 23.1654
135951041489019 0.00168191 0.00529886 23.223
135951041489020 0.00162803 0.00728499 23.2826
135951041489021 0.00173239 0.00518059 23.3402
135951041489022 0.00162752 0.00510369 23.3977
135951041489023 0.00173549 0.00455891 23.4545
135951041489024 0.00166947 0.00389886 23.5103
135951041489025 0.00193706 0.0049022 23.5674
135951041489026 0.00183298 0.00459284 23.6241
135951041489027 0.00222122 0.00755637 23.6841
135951041489028 0.00182323 0.0043722 23.7411
135951041489029 0.00165531 0.00357224 23.797
135951041489030 0.00166898 0.00354894 23.8524
135951041489031 0.00166781 0.00364729 23.9084
135951041489032 0.00165894 0.00369034 23.9645
135951041489033 0.00171349 0.00353857 24.02
135951041489034 0.00171787 0.0035732 24.0756
135951041489035 0.00168303 0.00354428 24.1311
135951041489036 0.00164372 0.00435086 24.1873
135951041489037 0.00163932 0.00354179 24.2432
135951041489038 0.00165702 0.00354865 24.2991
135951041489039 0.00167764 0.00361471 24.3547
135951041489040 0.00187071 0.00355272 24.4108
135951041489041 0.00169793 0.00354479 24.4667
135951041489042 0.00169519 0.00357968 24.5223
135951041489043 0.00164058 0.00378874 24.5784
135951041489044 0.00164354 0.00357941 24.6343
135951041489045 0.00167148 0.00359882 24.6903
135951041489046 0.00164653 0.00407758 24.7464
135951041489047 0.00169444 0.00358143 24.8023
135951041489048 0.00164061 0.00354996 24.8582
135951041489049 0.0018009 0.00359573 24.9143
135951041489050 0.00161955 0.00351623 24.9701
135951041489051 0.00166962 0.00360176 25.0256
135951041489052 0.00166785 0.00356991 25.0815
135951041489053 0.00169059 0.00362235 25.1373
135951041489054 0.00164052 0.00386681 25.1931
135951041489055 0.00169666 0.00359257 25.2487
135951041489056 0.00176362 0.00609613 25.3069
135951041489057 0.00216301 0.00615213 25.3656
135951041489058 0.00181665 0.00513974 25.4228
135951041489059 0.00171042 0.00521696 25.4804
135951041489060 0.00175337 0.00515743 25.538
135951041489061 0.00170483 0.00519306 25.5956
135951041489062 0.00170813 0.00513718 25.6531
135951041489063 0.00167907 0.00511793 25.7106
135951041489064 0.00167851 0.00511462 25.768
135951041489065 0.00164231 0.00516921 25.8254
135951041489066 0.00169141 0.00515006 25.8825
135951041489067 0.00167449 0.00517317 25.94
135951041489068 0.00165782 0.00513679 25.9971
135951041489069 0.00180003 0.00511585 26.0547
135951041489070 0.00171492 0.00507464 26.1122
135951041489071 0.0016549 0.00509555 26.1696
135951041489072 0.00170626 0.00510034 26.2271
135951041489073 0.00181841 0.00521773 26.2846
135951041489074 0.00172179 0.00513329 26.3417
135951041489075 0.00175805 0.00515463 26.3993
135951041489076 0.00169523 0.00515355 26.4569
135951041489077 0.00170806 0.00514111 26.5144
135951041489078 0.00165159 0.00514679 26.5719
135951041489079 0.00170308 0.00514503 26.629
135951041489080 0.00172891 0.00663136 26.6876
135951041489081 0.00176355 0.00361582 26.7432
135951041489082 0.00179368 0.00616839 26.8015
135951041489083 0.00199328 0.00581114 26.8597
135951041489084 0.00264694 0.00905825 26.9218
135951041489085 0.0021128 0.00674564 26.981
135951041489086 0.00186856 0.00715976 27.0403
135951041489087 0.00252272 0.00821465 27.1013
135951041489088 0.00215256 0.00597117 27.1597
135951041489089 0.00282419 0.00841116 27.2212
135951041489090 0.00191562 0.00414395 27.2775
135951041489091 0.00162909 0.00761791 27.3371
135951041489092 0.0021645 0.00418389 27.3939
135951041489093 0.00225005 0.00552012 27.4521
135951041489094 0.00209247 0.00358546 27.5082
135951041489095 0.00176366 0.00767203 27.5679
135951041489096 0.00197484 0.00377107 27.6238
135951041489097 0.00206086 0.00745002 27.6836
135951041489098 0.00244458 0.00433652 27.7407
135951041489099 0.00175039 0.00469832 27.7974
135951041489100 0.00205847 0.00600175 27.8558
135951041489101 0.00202923 0.00622644 27.9143
135951041489102 0.00235949 0.0052689 27.9723
135951041489103 0.00216177 0.00623611 28.0311
135951041489104 0.00222512 0.00485483 28.0884
135951041489105 0.00178137 0.00525124 28.1457
135951041489106 0.0032207 0.00654942 28.2058
135951041489107 0.00161838 0.00636058 28.2641
135951041489108 0.00178691 0.0062371 28.3224
135951041489109 0.0016047 0.00543497 28.3796
135951041489110 0.00195845 0.00446827 28.4362
135951041489111 0.0015872 0.0039165 28.492
135951041489112 0.00172174 0.00355746 28.5476
135951041489113 0.00204052 0.0039549 28.6038
135951041489114 0.00179764 0.00484144 28.6607
135951041489115 0.00452286 0.00714102 28.7226
